StartDate,EndDate,Status,Progress,Duration (in seconds),Finished,RecordedDate,RecipientLastName,RecipientFirstName,RecipientEmail,ExternalReference,DistributionChannel,UserLanguage,Q3456,DQ,Education,Age,Gender,Race,Ethnicity,current_zipcode,when_move,current_state,current_state_1,childhood_state_1,years_childhood,Q4475,Q4496,Q4478,Q4481,Q4495,Q4484,Q4487,Walk_through_turn6,Q4453,Q4454,Q4455,Q4456,Q4457,Q4458,Q4514,Q4515,Q4516,Q4517,Q4518,Q4519,Q4520,Q4521,Q4464,Q4465,Q4466,Q4467,Q4468,Q4469,Q4518_First Click,Q4518_Last Click,Q4518_Page Submit,Q4518_Click Count,Q4521_First Click,Q4521_Last Click,Q4521_Page Submit,Q4521_Click Count,Q4934_First Click,Q4934_Last Click,Q4934_Page Submit,Q4934_Click Count,e_68_a1.3_t1_q1_p1,Q4522_First Click,Q4522_Last Click,Q4522_Page Submit,Q4522_Click Count,Q4523_First Click,Q4523_Last Click,Q4523_Page Submit,Q4523_Click Count,Q4935_First Click,Q4935_Last Click,Q4935_Page Submit,Q4935_Click Count,e_68_a1.3_t2_q2_p1,Q4524_First Click,Q4524_Last Click,Q4524_Page Submit,Q4524_Click Count,Q4525_First Click,Q4525_Last Click,Q4525_Page Submit,Q4525_Click Count,Q4936_First Click,Q4936_Last Click,Q4936_Page Submit,Q4936_Click Count,e_68_a1.3_t4_q3_p1,Q4526_First Click,Q4526_Last Click,Q4526_Page Submit,Q4526_Click Count,Q4527_First Click,Q4527_Last Click,Q4527_Page Submit,Q4527_Click Count,Q4937_First Click,Q4937_Last Click,Q4937_Page Submit,Q4937_Click Count,e_68_a1.3_t6_q4_p1,Q4528_First Click,Q4528_Last Click,Q4528_Page Submit,Q4528_Click Count,Q4529_First Click,Q4529_Last Click,Q4529_Page Submit,Q4529_Click Count,Q4938_First Click,Q4938_Last Click,Q4938_Page Submit,Q4938_Click Count,e_68_a1.3_t8_q5_p1,Q4530_First Click,Q4530_Last Click,Q4530_Page Submit,Q4530_Click Count,Q4531_First Click,Q4531_Last Click,Q4531_Page Submit,Q4531_Click Count,Q4939_First Click,Q4939_Last Click,Q4939_Page Submit,Q4939_Click Count,e_68_a1.3_t12_q6_p1,Q4532_First Click,Q4532_Last Click,Q4532_Page Submit,Q4532_Click Count,Q4533_First Click,Q4533_Last Click,Q4533_Page Submit,Q4533_Click Count,Q4534_First Click,Q4534_Last Click,Q4534_Page Submit,Q4534_Click Count,Q4535_First Click,Q4535_Last Click,Q4535_Page Submit,Q4535_Click Count,Q4940_First Click,Q4940_Last Click,Q4940_Page Submit,Q4940_Click Count,e_145_a1.3_t2_q1_p1,Q4536_First Click,Q4536_Last Click,Q4536_Page Submit,Q4536_Click Count,Q4537_First Click,Q4537_Last Click,Q4537_Page Submit,Q4537_Click Count,Q4941_First Click,Q4941_Last Click,Q4941_Page Submit,Q4941_Click Count,e_145_a1.3_t5_q2_p1,Q4538_First Click,Q4538_Last Click,Q4538_Page Submit,Q4538_Click Count,Q4539_First Click,Q4539_Last Click,Q4539_Page Submit,Q4539_Click Count,Q4942_First Click,Q4942_Last Click,Q4942_Page Submit,Q4942_Click Count,e_145_a1.3_t8_q3_p1,Q4540_First Click,Q4540_Last Click,Q4540_Page Submit,Q4540_Click Count,Q4541_First Click,Q4541_Last Click,Q4541_Page Submit,Q4541_Click Count,Q4943_First Click,Q4943_Last Click,Q4943_Page Submit,Q4943_Click Count,e_145_a1.3_t12_q4_p1,Q4542_First Click,Q4542_Last Click,Q4542_Page Submit,Q4542_Click Count,Q4543_First Click,Q4543_Last Click,Q4543_Page Submit,Q4543_Click Count,Q4944_First Click,Q4944_Last Click,Q4944_Page Submit,Q4944_Click Count,e_145_a1.3_t18_q5_p1,Q4544_First Click,Q4544_Last Click,Q4544_Page Submit,Q4544_Click Count,Q4545_First Click,Q4545_Last Click,Q4545_Page Submit,Q4545_Click Count,Q4945_First Click,Q4945_Last Click,Q4945_Page Submit,Q4945_Click Count,e_145_a1.3_t25_q6_p1,Q4546_First Click,Q4546_Last Click,Q4546_Page Submit,Q4546_Click Count,Q4547_First Click,Q4547_Last Click,Q4547_Page Submit,Q4547_Click Count,Q4548_First Click,Q4548_Last Click,Q4548_Page Submit,Q4548_Click Count,Q4549_First Click,Q4549_Last Click,Q4549_Page Submit,Q4549_Click Count,Q4946_First Click,Q4946_Last Click,Q4946_Page Submit,Q4946_Click Count,i_86_a1.3_t21_q1_p1,Q4550_First Click,Q4550_Last Click,Q4550_Page Submit,Q4550_Click Count,Q4551_First Click,Q4551_Last Click,Q4551_Page Submit,Q4551_Click Count,Q4947_First Click,Q4947_Last Click,Q4947_Page Submit,Q4947_Click Count,i_86_a1.3_t37_q2_p1,Q4552_First Click,Q4552_Last Click,Q4552_Page Submit,Q4552_Click Count,Q4553_First Click,Q4553_Last Click,Q4553_Page Submit,Q4553_Click Count,Q4948_First Click,Q4948_Last Click,Q4948_Page Submit,Q4948_Click Count,i_86_a1.3_t49_q3_p1,Q4554_First Click,Q4554_Last Click,Q4554_Page Submit,Q4554_Click Count,Q4555_First Click,Q4555_Last Click,Q4555_Page Submit,Q4555_Click Count,Q4949_First Click,Q4949_Last Click,Q4949_Page Submit,Q4949_Click Count,i_86_a1.3_t58_q4_p1,Q4556_First Click,Q4556_Last Click,Q4556_Page Submit,Q4556_Click Count,Q4557_First Click,Q4557_Last Click,Q4557_Page Submit,Q4557_Click Count,Q4950_First Click,Q4950_Last Click,Q4950_Page Submit,Q4950_Click Count,i_86_a1.3_t65_q5_p1,Q4558_First Click,Q4558_Last Click,Q4558_Page Submit,Q4558_Click Count,Q4559_First Click,Q4559_Last Click,Q4559_Page Submit,Q4559_Click Count,Q4951_First Click,Q4951_Last Click,Q4951_Page Submit,Q4951_Click Count,i_86_a1.3_t71_q6_p1,Q4560_First Click,Q4560_Last Click,Q4560_Page Submit,Q4560_Click Count,Q4561_First Click,Q4561_Last Click,Q4561_Page Submit,Q4561_Click Count,Q4562_First Click,Q4562_Last Click,Q4562_Page Submit,Q4562_Click Count,Q4563_First Click,Q4563_Last Click,Q4563_Page Submit,Q4563_Click Count,Q4952_First Click,Q4952_Last Click,Q4952_Page Submit,Q4952_Click Count,i_115_a1.3_t28_q1_p1,Q4564_First Click,Q4564_Last Click,Q4564_Page Submit,Q4564_Click Count,Q4565_First Click,Q4565_Last Click,Q4565_Page Submit,Q4565_Click Count,Q4953_First Click,Q4953_Last Click,Q4953_Page Submit,Q4953_Click Count,i_115_a1.3_t49_q2_p1,Q4566_First Click,Q4566_Last Click,Q4566_Page Submit,Q4566_Click Count,Q4567_First Click,Q4567_Last Click,Q4567_Page Submit,Q4567_Click Count,Q4954_First Click,Q4954_Last Click,Q4954_Page Submit,Q4954_Click Count,i_115_a1.3_t65_q3_p1,Q4568_First Click,Q4568_Last Click,Q4568_Page Submit,Q4568_Click Count,Q4569_First Click,Q4569_Last Click,Q4569_Page Submit,Q4569_Click Count,Q4955_First Click,Q4955_Last Click,Q4955_Page Submit,Q4955_Click Count,i_115_a1.3_t78_q4_p1,Q4570_First Click,Q4570_Last Click,Q4570_Page Submit,Q4570_Click Count,Q4571_First Click,Q4571_Last Click,Q4571_Page Submit,Q4571_Click Count,i_115_a1.3_t88_q5_p1,Q4572_First Click,Q4572_Last Click,Q4572_Page Submit,Q4572_Click Count,Q4573_First Click,Q4573_Last Click,Q4573_Page Submit,Q4573_Click Count,Q4956_First Click,Q4956_Last Click,Q4956_Page Submit,Q4956_Click Count,i_115_a1.3_t95_q6_p1,Q4574_First Click,Q4574_Last Click,Q4574_Page Submit,Q4574_Click Count,Q4575_First Click,Q4575_Last Click,Q4575_Page Submit,Q4575_Click Count,Q4576_First Click,Q4576_Last Click,Q4576_Page Submit,Q4576_Click Count,Q4957_First Click,Q4957_Last Click,Q4957_Page Submit,Q4957_Click Count,e_127_a1.2_t3_q1_v1,Q4577_First Click,Q4577_Last Click,Q4577_Page Submit,Q4577_Click Count,Q4578_First Click,Q4578_Last Click,Q4578_Page Submit,Q4578_Click Count,Q4958_First Click,Q4958_Last Click,Q4958_Page Submit,Q4958_Click Count,e_127_a1.2_t7_q2_v1,Q4579_First Click,Q4579_Last Click,Q4579_Page Submit,Q4579_Click Count,Q4580_First Click,Q4580_Last Click,Q4580_Page Submit,Q4580_Click Count,Q4959_First Click,Q4959_Last Click,Q4959_Page Submit,Q4959_Click Count,e_127_a1.2_t12_q3_v1,Q4581_First Click,Q4581_Last Click,Q4581_Page Submit,Q4581_Click Count,Q4582_First Click,Q4582_Last Click,Q4582_Page Submit,Q4582_Click Count,Q4960_First Click,Q4960_Last Click,Q4960_Page Submit,Q4960_Click Count,e_127_a1.2_t17_q4_v1,Q4583_First Click,Q4583_Last Click,Q4583_Page Submit,Q4583_Click Count,Q4584_First Click,Q4584_Last Click,Q4584_Page Submit,Q4584_Click Count,Q4961_First Click,Q4961_Last Click,Q4961_Page Submit,Q4961_Click Count,e_127_a1.2_t24_q5_v1,Q4585_First Click,Q4585_Last Click,Q4585_Page Submit,Q4585_Click Count,Q4586_First Click,Q4586_Last Click,Q4586_Page Submit,Q4586_Click Count,Q4962_First Click,Q4962_Last Click,Q4962_Page Submit,Q4962_Click Count,e_127_a1.2_t32_q6_v1,Q4587_First Click,Q4587_Last Click,Q4587_Page Submit,Q4587_Click Count,Q4588_First Click,Q4588_Last Click,Q4588_Page Submit,Q4588_Click Count,Q4963_First Click,Q4963_Last Click,Q4963_Page Submit,Q4963_Click Count,e_127_a1.2_t3_q1_v2,Q4589_First Click,Q4589_Last Click,Q4589_Page Submit,Q4589_Click Count,Q4590_First Click,Q4590_Last Click,Q4590_Page Submit,Q4590_Click Count,Q4964_First Click,Q4964_Last Click,Q4964_Page Submit,Q4964_Click Count,e_127_a1.2_t7_q2_v2,Q4591_First Click,Q4591_Last Click,Q4591_Page Submit,Q4591_Click Count,Q4592_First Click,Q4592_Last Click,Q4592_Page Submit,Q4592_Click Count,Q4965_First Click,Q4965_Last Click,Q4965_Page Submit,Q4965_Click Count,e_127_a1.2_t12_q3_v2,Q4593_First Click,Q4593_Last Click,Q4593_Page Submit,Q4593_Click Count,Q4594_First Click,Q4594_Last Click,Q4594_Page Submit,Q4594_Click Count,Q4966_First Click,Q4966_Last Click,Q4966_Page Submit,Q4966_Click Count,e_127_a1.2_t17_q4_v2,Q4595_First Click,Q4595_Last Click,Q4595_Page Submit,Q4595_Click Count,Q4596_First Click,Q4596_Last Click,Q4596_Page Submit,Q4596_Click Count,Q4967_First Click,Q4967_Last Click,Q4967_Page Submit,Q4967_Click Count,e_127_a1.2_t24_q5_v2,Q4597_First Click,Q4597_Last Click,Q4597_Page Submit,Q4597_Click Count,Q4598_First Click,Q4598_Last Click,Q4598_Page Submit,Q4598_Click Count,Q4968_First Click,Q4968_Last Click,Q4968_Page Submit,Q4968_Click Count,e_127_a1.2_t32_q6_v2,Q4599_First Click,Q4599_Last Click,Q4599_Page Submit,Q4599_Click Count,Q4600_First Click,Q4600_Last Click,Q4600_Page Submit,Q4600_Click Count,Q4969_First Click,Q4969_Last Click,Q4969_Page Submit,Q4969_Click Count,e_127_a1.2_t3_q1_v3,Q4601_First Click,Q4601_Last Click,Q4601_Page Submit,Q4601_Click Count,Q4602_First Click,Q4602_Last Click,Q4602_Page Submit,Q4602_Click Count,Q4970_First Click,Q4970_Last Click,Q4970_Page Submit,Q4970_Click Count,e_127_a1.2_t7_q2_v3,Q4603_First Click,Q4603_Last Click,Q4603_Page Submit,Q4603_Click Count,Q4604_First Click,Q4604_Last Click,Q4604_Page Submit,Q4604_Click Count,Q4971_First Click,Q4971_Last Click,Q4971_Page Submit,Q4971_Click Count,e_127_a1.2_t12_q3_v3,Q4605_First Click,Q4605_Last Click,Q4605_Page Submit,Q4605_Click Count,Q4606_First Click,Q4606_Last Click,Q4606_Page Submit,Q4606_Click Count,Q4972_First Click,Q4972_Last Click,Q4972_Page Submit,Q4972_Click Count,e_127_a1.2_t17_q4_v3,Q4607_First Click,Q4607_Last Click,Q4607_Page Submit,Q4607_Click Count,Q4608_First Click,Q4608_Last Click,Q4608_Page Submit,Q4608_Click Count,Q4973_First Click,Q4973_Last Click,Q4973_Page Submit,Q4973_Click Count,e_127_a1.2_t24_q5_v3,Q4609_First Click,Q4609_Last Click,Q4609_Page Submit,Q4609_Click Count,Q4610_First Click,Q4610_Last Click,Q4610_Page Submit,Q4610_Click Count,Q4974_First Click,Q4974_Last Click,Q4974_Page Submit,Q4974_Click Count,e_127_a1.2_t32_q6_v3,Q4611_First Click,Q4611_Last Click,Q4611_Page Submit,Q4611_Click Count,Q4612_First Click,Q4612_Last Click,Q4612_Page Submit,Q4612_Click Count,Q4975_First Click,Q4975_Last Click,Q4975_Page Submit,Q4975_Click Count,e_166_a1.4_t1_q1_v1,Q4613_First Click,Q4613_Last Click,Q4613_Page Submit,Q4613_Click Count,Q4614_First Click,Q4614_Last Click,Q4614_Page Submit,Q4614_Click Count,Q4976_First Click,Q4976_Last Click,Q4976_Page Submit,Q4976_Click Count,e_166_a1.4_t3_q2_v1,Q4615_First Click,Q4615_Last Click,Q4615_Page Submit,Q4615_Click Count,Q4616_First Click,Q4616_Last Click,Q4616_Page Submit,Q4616_Click Count,Q4977_First Click,Q4977_Last Click,Q4977_Page Submit,Q4977_Click Count,e_166_a1.4_t5_q3_v1,Q4617_First Click,Q4617_Last Click,Q4617_Page Submit,Q4617_Click Count,Q4618_First Click,Q4618_Last Click,Q4618_Page Submit,Q4618_Click Count,Q4978_First Click,Q4978_Last Click,Q4978_Page Submit,Q4978_Click Count,e_166_a1.4_t9_q4_v1,Q4619_First Click,Q4619_Last Click,Q4619_Page Submit,Q4619_Click Count,Q4620_First Click,Q4620_Last Click,Q4620_Page Submit,Q4620_Click Count,Q4979_First Click,Q4979_Last Click,Q4979_Page Submit,Q4979_Click Count,e_166_a1.4_t13_q5_v1,Q4621_First Click,Q4621_Last Click,Q4621_Page Submit,Q4621_Click Count,Q4622_First Click,Q4622_Last Click,Q4622_Page Submit,Q4622_Click Count,Q4980_First Click,Q4980_Last Click,Q4980_Page Submit,Q4980_Click Count,e_166_a1.4_t19_q6_v1,Q4623_First Click,Q4623_Last Click,Q4623_Page Submit,Q4623_Click Count,Q4624_First Click,Q4624_Last Click,Q4624_Page Submit,Q4624_Click Count,Q4981_First Click,Q4981_Last Click,Q4981_Page Submit,Q4981_Click Count,e_166_a1.4_t1_q1_v2,Q4625_First Click,Q4625_Last Click,Q4625_Page Submit,Q4625_Click Count,Q4626_First Click,Q4626_Last Click,Q4626_Page Submit,Q4626_Click Count,Q4982_First Click,Q4982_Last Click,Q4982_Page Submit,Q4982_Click Count,e_166_a1.4_t3_q2_v2,Q4627_First Click,Q4627_Last Click,Q4627_Page Submit,Q4627_Click Count,Q4628_First Click,Q4628_Last Click,Q4628_Page Submit,Q4628_Click Count,Q4983_First Click,Q4983_Last Click,Q4983_Page Submit,Q4983_Click Count,e_166_a1.4_t5_q3_v2,Q4629_First Click,Q4629_Last Click,Q4629_Page Submit,Q4629_Click Count,Q4630_First Click,Q4630_Last Click,Q4630_Page Submit,Q4630_Click Count,Q4984_First Click,Q4984_Last Click,Q4984_Page Submit,Q4984_Click Count,e_166_a1.4_t9_q4_v2,Q4631_First Click,Q4631_Last Click,Q4631_Page Submit,Q4631_Click Count,Q4632_First Click,Q4632_Last Click,Q4632_Page Submit,Q4632_Click Count,Q4985_First Click,Q4985_Last Click,Q4985_Page Submit,Q4985_Click Count,e_166_a1.4_t13_q5_v2,Q4633_First Click,Q4633_Last Click,Q4633_Page Submit,Q4633_Click Count,Q4634_First Click,Q4634_Last Click,Q4634_Page Submit,Q4634_Click Count,Q4986_First Click,Q4986_Last Click,Q4986_Page Submit,Q4986_Click Count,e_166_a1.4_t19_q6_v2,Q4635_First Click,Q4635_Last Click,Q4635_Page Submit,Q4635_Click Count,Q4636_First Click,Q4636_Last Click,Q4636_Page Submit,Q4636_Click Count,Q4987_First Click,Q4987_Last Click,Q4987_Page Submit,Q4987_Click Count,e_166_a1.4_t1_q1_v3,Q4637_First Click,Q4637_Last Click,Q4637_Page Submit,Q4637_Click Count,Q4638_First Click,Q4638_Last Click,Q4638_Page Submit,Q4638_Click Count,Q4988_First Click,Q4988_Last Click,Q4988_Page Submit,Q4988_Click Count,e_166_a1.4_t3_q2_v3,Q4639_First Click,Q4639_Last Click,Q4639_Page Submit,Q4639_Click Count,Q4640_First Click,Q4640_Last Click,Q4640_Page Submit,Q4640_Click Count,Q4989_First Click,Q4989_Last Click,Q4989_Page Submit,Q4989_Click Count,e_166_a1.4_t5_q3_v3,Q4641_First Click,Q4641_Last Click,Q4641_Page Submit,Q4641_Click Count,Q4642_First Click,Q4642_Last Click,Q4642_Page Submit,Q4642_Click Count,Q4990_First Click,Q4990_Last Click,Q4990_Page Submit,Q4990_Click Count,e_166_a1.4_t9_q4_v3,Q4643_First Click,Q4643_Last Click,Q4643_Page Submit,Q4643_Click Count,Q4644_First Click,Q4644_Last Click,Q4644_Page Submit,Q4644_Click Count,Q4991_First Click,Q4991_Last Click,Q4991_Page Submit,Q4991_Click Count,e_166_a1.4_t13_q5_v3,Q4645_First Click,Q4645_Last Click,Q4645_Page Submit,Q4645_Click Count,Q4646_First Click,Q4646_Last Click,Q4646_Page Submit,Q4646_Click Count,Q4992_First Click,Q4992_Last Click,Q4992_Page Submit,Q4992_Click Count,e_166_a1.4_t19_q6_v3,Q4647_First Click,Q4647_Last Click,Q4647_Page Submit,Q4647_Click Count,Q4648_First Click,Q4648_Last Click,Q4648_Page Submit,Q4648_Click Count,Q4993_First Click,Q4993_Last Click,Q4993_Page Submit,Q4993_Click Count,i_113_a1.2_t21_q1_v1,Q4649_First Click,Q4649_Last Click,Q4649_Page Submit,Q4649_Click Count,Q4650_First Click,Q4650_Last Click,Q4650_Page Submit,Q4650_Click Count,Q4994_First Click,Q4994_Last Click,Q4994_Page Submit,Q4994_Click Count,i_113_a1.2_t39_q2_v1,Q4651_First Click,Q4651_Last Click,Q4651_Page Submit,Q4651_Click Count,Q4652_First Click,Q4652_Last Click,Q4652_Page Submit,Q4652_Click Count,Q4995_First Click,Q4995_Last Click,Q4995_Page Submit,Q4995_Click Count,i_113_a1.2_t53_q3_v1,Q4653_First Click,Q4653_Last Click,Q4653_Page Submit,Q4653_Click Count,Q4654_First Click,Q4654_Last Click,Q4654_Page Submit,Q4654_Click Count,Q4996_First Click,Q4996_Last Click,Q4996_Page Submit,Q4996_Click Count,i_113_a1.2_t66_q4_v1,Q4655_First Click,Q4655_Last Click,Q4655_Page Submit,Q4655_Click Count,Q4656_First Click,Q4656_Last Click,Q4656_Page Submit,Q4656_Click Count,Q4997_First Click,Q4997_Last Click,Q4997_Page Submit,Q4997_Click Count,i_113_a1.2_t76_q5_v1,Q4657_First Click,Q4657_Last Click,Q4657_Page Submit,Q4657_Click Count,Q4658_First Click,Q4658_Last Click,Q4658_Page Submit,Q4658_Click Count,Q4998_First Click,Q4998_Last Click,Q4998_Page Submit,Q4998_Click Count,i_113_a1.2_t84_q6_v1,Q4659_First Click,Q4659_Last Click,Q4659_Page Submit,Q4659_Click Count,Q4660_First Click,Q4660_Last Click,Q4660_Page Submit,Q4660_Click Count,Q4999_First Click,Q4999_Last Click,Q4999_Page Submit,Q4999_Click Count,i_113_a1.2_t21_q1_v2,Q4661_First Click,Q4661_Last Click,Q4661_Page Submit,Q4661_Click Count,Q4662_First Click,Q4662_Last Click,Q4662_Page Submit,Q4662_Click Count,Q5000_First Click,Q5000_Last Click,Q5000_Page Submit,Q5000_Click Count,i_113_a1.2_t39_q2_v2,Q4663_First Click,Q4663_Last Click,Q4663_Page Submit,Q4663_Click Count,Q4664_First Click,Q4664_Last Click,Q4664_Page Submit,Q4664_Click Count,Q5001_First Click,Q5001_Last Click,Q5001_Page Submit,Q5001_Click Count,i_113_a1.2_t53_q3_v2,Q4665_First Click,Q4665_Last Click,Q4665_Page Submit,Q4665_Click Count,Q4666_First Click,Q4666_Last Click,Q4666_Page Submit,Q4666_Click Count,Q5002_First Click,Q5002_Last Click,Q5002_Page Submit,Q5002_Click Count,i_113_a1.2_t66_q4_v2,Q4667_First Click,Q4667_Last Click,Q4667_Page Submit,Q4667_Click Count,Q4668_First Click,Q4668_Last Click,Q4668_Page Submit,Q4668_Click Count,Q5003_First Click,Q5003_Last Click,Q5003_Page Submit,Q5003_Click Count,i_113_a1.2_t76_q5_v2,Q4669_First Click,Q4669_Last Click,Q4669_Page Submit,Q4669_Click Count,Q4670_First Click,Q4670_Last Click,Q4670_Page Submit,Q4670_Click Count,Q5004_First Click,Q5004_Last Click,Q5004_Page Submit,Q5004_Click Count,i_113_a1.2_t84_q6_v2,Q4671_First Click,Q4671_Last Click,Q4671_Page Submit,Q4671_Click Count,Q4672_First Click,Q4672_Last Click,Q4672_Page Submit,Q4672_Click Count,Q5005_First Click,Q5005_Last Click,Q5005_Page Submit,Q5005_Click Count,i_113_a1.2_t21_q1_v3,Q4673_First Click,Q4673_Last Click,Q4673_Page Submit,Q4673_Click Count,Q4674_First Click,Q4674_Last Click,Q4674_Page Submit,Q4674_Click Count,Q5006_First Click,Q5006_Last Click,Q5006_Page Submit,Q5006_Click Count,i_113_a1.2_t39_q2_v3,Q4675_First Click,Q4675_Last Click,Q4675_Page Submit,Q4675_Click Count,Q4676_First Click,Q4676_Last Click,Q4676_Page Submit,Q4676_Click Count,Q5007_First Click,Q5007_Last Click,Q5007_Page Submit,Q5007_Click Count,i_113_a1.2_t53_q3_v3,Q4677_First Click,Q4677_Last Click,Q4677_Page Submit,Q4677_Click Count,Q4678_First Click,Q4678_Last Click,Q4678_Page Submit,Q4678_Click Count,Q5008_First Click,Q5008_Last Click,Q5008_Page Submit,Q5008_Click Count,i_113_a1.2_t66_q4_v3,Q4679_First Click,Q4679_Last Click,Q4679_Page Submit,Q4679_Click Count,Q4680_First Click,Q4680_Last Click,Q4680_Page Submit,Q4680_Click Count,Q5009_First Click,Q5009_Last Click,Q5009_Page Submit,Q5009_Click Count,i_113_a1.2_t76_q5_v3,Q4681_First Click,Q4681_Last Click,Q4681_Page Submit,Q4681_Click Count,Q4682_First Click,Q4682_Last Click,Q4682_Page Submit,Q4682_Click Count,Q5010_First Click,Q5010_Last Click,Q5010_Page Submit,Q5010_Click Count,i_113_a1.2_t84_q6_v3,Q4683_First Click,Q4683_Last Click,Q4683_Page Submit,Q4683_Click Count,Q4684_First Click,Q4684_Last Click,Q4684_Page Submit,Q4684_Click Count,Q5011_First Click,Q5011_Last Click,Q5011_Page Submit,Q5011_Click Count,i_116_a1.4_t34_q1_v1,Q4685_First Click,Q4685_Last Click,Q4685_Page Submit,Q4685_Click Count,Q4686_First Click,Q4686_Last Click,Q4686_Page Submit,Q4686_Click Count,Q5012_First Click,Q5012_Last Click,Q5012_Page Submit,Q5012_Click Count,i_116_a1.4_t58_q2_v1,Q4687_First Click,Q4687_Last Click,Q4687_Page Submit,Q4687_Click Count,Q4688_First Click,Q4688_Last Click,Q4688_Page Submit,Q4688_Click Count,Q5013_First Click,Q5013_Last Click,Q5013_Page Submit,Q5013_Click Count,i_116_a1.4_t75_q3_v1,Q4689_First Click,Q4689_Last Click,Q4689_Page Submit,Q4689_Click Count,Q4690_First Click,Q4690_Last Click,Q4690_Page Submit,Q4690_Click Count,Q5014_First Click,Q5014_Last Click,Q5014_Page Submit,Q5014_Click Count,i_116_a1.4_t87_q4_v1,Q4691_First Click,Q4691_Last Click,Q4691_Page Submit,Q4691_Click Count,Q4692_First Click,Q4692_Last Click,Q4692_Page Submit,Q4692_Click Count,Q5015_First Click,Q5015_Last Click,Q5015_Page Submit,Q5015_Click Count,i_116_a1.4_t96_q5_v1,Q4693_First Click,Q4693_Last Click,Q4693_Page Submit,Q4693_Click Count,Q4694_First Click,Q4694_Last Click,Q4694_Page Submit,Q4694_Click Count,Q5016_First Click,Q5016_Last Click,Q5016_Page Submit,Q5016_Click Count,i_116_a1.4_t10_q6_v1,Q4695_First Click,Q4695_Last Click,Q4695_Page Submit,Q4695_Click Count,Q4696_First Click,Q4696_Last Click,Q4696_Page Submit,Q4696_Click Count,Q5017_First Click,Q5017_Last Click,Q5017_Page Submit,Q5017_Click Count,i_116_a1.4_t34_q1_v2,Q4697_First Click,Q4697_Last Click,Q4697_Page Submit,Q4697_Click Count,Q4698_First Click,Q4698_Last Click,Q4698_Page Submit,Q4698_Click Count,Q5018_First Click,Q5018_Last Click,Q5018_Page Submit,Q5018_Click Count,i_116_a1.4_t58_q1_v2,Q4699_First Click,Q4699_Last Click,Q4699_Page Submit,Q4699_Click Count,Q4700_First Click,Q4700_Last Click,Q4700_Page Submit,Q4700_Click Count,Q5019_First Click,Q5019_Last Click,Q5019_Page Submit,Q5019_Click Count,i_116_a1.4_t75_q1_v2,Q4701_First Click,Q4701_Last Click,Q4701_Page Submit,Q4701_Click Count,Q4702_First Click,Q4702_Last Click,Q4702_Page Submit,Q4702_Click Count,Q5020_First Click,Q5020_Last Click,Q5020_Page Submit,Q5020_Click Count,i_116_a1.4_t87_q1_v2,Q4703_First Click,Q4703_Last Click,Q4703_Page Submit,Q4703_Click Count,Q4704_First Click,Q4704_Last Click,Q4704_Page Submit,Q4704_Click Count,Q5021_First Click,Q5021_Last Click,Q5021_Page Submit,Q5021_Click Count,i_116_a1.4_t96_q1_v2,Q4705_First Click,Q4705_Last Click,Q4705_Page Submit,Q4705_Click Count,Q4706_First Click,Q4706_Last Click,Q4706_Page Submit,Q4706_Click Count,Q5022_First Click,Q5022_Last Click,Q5022_Page Submit,Q5022_Click Count,i_116_a1.4_t10_q1_v2,Q4707_First Click,Q4707_Last Click,Q4707_Page Submit,Q4707_Click Count,Q4708_First Click,Q4708_Last Click,Q4708_Page Submit,Q4708_Click Count,Q5023_First Click,Q5023_Last Click,Q5023_Page Submit,Q5023_Click Count,i_116_a1.4_t34_q1_v3,Q4709_First Click,Q4709_Last Click,Q4709_Page Submit,Q4709_Click Count,Q4710_First Click,Q4710_Last Click,Q4710_Page Submit,Q4710_Click Count,Q5024_First Click,Q5024_Last Click,Q5024_Page Submit,Q5024_Click Count,i_116_a1.4_t58_q2_v3,Q4711_First Click,Q4711_Last Click,Q4711_Page Submit,Q4711_Click Count,Q4712_First Click,Q4712_Last Click,Q4712_Page Submit,Q4712_Click Count,Q5025_First Click,Q5025_Last Click,Q5025_Page Submit,Q5025_Click Count,i_116_a1.4_t75_q3_v3,Q4713_First Click,Q4713_Last Click,Q4713_Page Submit,Q4713_Click Count,Q4714_First Click,Q4714_Last Click,Q4714_Page Submit,Q4714_Click Count,Q5026_First Click,Q5026_Last Click,Q5026_Page Submit,Q5026_Click Count,i_116_a1.4_t87_q4_v3,Q4715_First Click,Q4715_Last Click,Q4715_Page Submit,Q4715_Click Count,Q4716_First Click,Q4716_Last Click,Q4716_Page Submit,Q4716_Click Count,Q5027_First Click,Q5027_Last Click,Q5027_Page Submit,Q5027_Click Count,i_116_a1.4_t87_q5_v3,Q4717_First Click,Q4717_Last Click,Q4717_Page Submit,Q4717_Click Count,Q4718_First Click,Q4718_Last Click,Q4718_Page Submit,Q4718_Click Count,Q5028_First Click,Q5028_Last Click,Q5028_Page Submit,Q5028_Click Count,i_116_a1.4_t10_q6_v3,Q4719_First Click,Q4719_Last Click,Q4719_Page Submit,Q4719_Click Count,Q4720_First Click,Q4720_Last Click,Q4720_Page Submit,Q4720_Click Count,Q5029_First Click,Q5029_Last Click,Q5029_Page Submit,Q5029_Click Count,e_78_a1.2_t2_q1_v1,Q4721_First Click,Q4721_Last Click,Q4721_Page Submit,Q4721_Click Count,Q4722_First Click,Q4722_Last Click,Q4722_Page Submit,Q4722_Click Count,Q5030_First Click,Q5030_Last Click,Q5030_Page Submit,Q5030_Click Count,e_78_a1.2_t4_q2_v1,Q4723_First Click,Q4723_Last Click,Q4723_Page Submit,Q4723_Click Count,Q4724_First Click,Q4724_Last Click,Q4724_Page Submit,Q4724_Click Count,Q5031_First Click,Q5031_Last Click,Q5031_Page Submit,Q5031_Click Count,e_78_a1.2_t7_q3_v1,Q4725_First Click,Q4725_Last Click,Q4725_Page Submit,Q4725_Click Count,Q4726_First Click,Q4726_Last Click,Q4726_Page Submit,Q4726_Click Count,Q5032_First Click,Q5032_Last Click,Q5032_Page Submit,Q5032_Click Count,e_78_a1.2_t11_q4_v1,Q4727_First Click,Q4727_Last Click,Q4727_Page Submit,Q4727_Click Count,Q4728_First Click,Q4728_Last Click,Q4728_Page Submit,Q4728_Click Count,Q5033_First Click,Q5033_Last Click,Q5033_Page Submit,Q5033_Click Count,e_78_a1.2_t15_q5_v1,Q4729_First Click,Q4729_Last Click,Q4729_Page Submit,Q4729_Click Count,Q4730_First Click,Q4730_Last Click,Q4730_Page Submit,Q4730_Click Count,Q5034_First Click,Q5034_Last Click,Q5034_Page Submit,Q5034_Click Count,e_78_a1.2_t20_q6_v1,Q4731_First Click,Q4731_Last Click,Q4731_Page Submit,Q4731_Click Count,Q4732_First Click,Q4732_Last Click,Q4732_Page Submit,Q4732_Click Count,Q5035_First Click,Q5035_Last Click,Q5035_Page Submit,Q5035_Click Count,e_78_a1.2_t2_q1_v2,Q4733_First Click,Q4733_Last Click,Q4733_Page Submit,Q4733_Click Count,Q4734_First Click,Q4734_Last Click,Q4734_Page Submit,Q4734_Click Count,Q5036_First Click,Q5036_Last Click,Q5036_Page Submit,Q5036_Click Count,e_78_a1.2_t4_q2_v2,Q4735_First Click,Q4735_Last Click,Q4735_Page Submit,Q4735_Click Count,Q4736_First Click,Q4736_Last Click,Q4736_Page Submit,Q4736_Click Count,Q5037_First Click,Q5037_Last Click,Q5037_Page Submit,Q5037_Click Count,e_78_a1.2_t7_q3_v2,Q4737_First Click,Q4737_Last Click,Q4737_Page Submit,Q4737_Click Count,Q4738_First Click,Q4738_Last Click,Q4738_Page Submit,Q4738_Click Count,Q5038_First Click,Q5038_Last Click,Q5038_Page Submit,Q5038_Click Count,e_78_a1.2_t11_q4_v2,Q4739_First Click,Q4739_Last Click,Q4739_Page Submit,Q4739_Click Count,Q4740_First Click,Q4740_Last Click,Q4740_Page Submit,Q4740_Click Count,Q5039_First Click,Q5039_Last Click,Q5039_Page Submit,Q5039_Click Count,e_78_a1.2_t15_q5_v2,Q4741_First Click,Q4741_Last Click,Q4741_Page Submit,Q4741_Click Count,Q4742_First Click,Q4742_Last Click,Q4742_Page Submit,Q4742_Click Count,Q5040_First Click,Q5040_Last Click,Q5040_Page Submit,Q5040_Click Count,e_78_a1.2_t20_q6_v2,Q4743_First Click,Q4743_Last Click,Q4743_Page Submit,Q4743_Click Count,Q4744_First Click,Q4744_Last Click,Q4744_Page Submit,Q4744_Click Count,Q5041_First Click,Q5041_Last Click,Q5041_Page Submit,Q5041_Click Count,e_78_a1.2_t2_q1_v3,Q4745_First Click,Q4745_Last Click,Q4745_Page Submit,Q4745_Click Count,Q4746_First Click,Q4746_Last Click,Q4746_Page Submit,Q4746_Click Count,Q5042_First Click,Q5042_Last Click,Q5042_Page Submit,Q5042_Click Count,e_78_a1.2_t4_q2_v3,Q4747_First Click,Q4747_Last Click,Q4747_Page Submit,Q4747_Click Count,Q4748_First Click,Q4748_Last Click,Q4748_Page Submit,Q4748_Click Count,Q5043_First Click,Q5043_Last Click,Q5043_Page Submit,Q5043_Click Count,e_78_a1.2_t7_q3_v3,Q4749_First Click,Q4749_Last Click,Q4749_Page Submit,Q4749_Click Count,Q4750_First Click,Q4750_Last Click,Q4750_Page Submit,Q4750_Click Count,Q5044_First Click,Q5044_Last Click,Q5044_Page Submit,Q5044_Click Count,e_78_a1.2_t11_q4_v3,Q4751_First Click,Q4751_Last Click,Q4751_Page Submit,Q4751_Click Count,Q4752_First Click,Q4752_Last Click,Q4752_Page Submit,Q4752_Click Count,Q5045_First Click,Q5045_Last Click,Q5045_Page Submit,Q5045_Click Count,e_78_a1.2_t15_q5_v3,Q4753_First Click,Q4753_Last Click,Q4753_Page Submit,Q4753_Click Count,Q4754_First Click,Q4754_Last Click,Q4754_Page Submit,Q4754_Click Count,Q5046_First Click,Q5046_Last Click,Q5046_Page Submit,Q5046_Click Count,e_78_a1.2_t20_q6_v3,Q4755_First Click,Q4755_Last Click,Q4755_Page Submit,Q4755_Click Count,Q4756_First Click,Q4756_Last Click,Q4756_Page Submit,Q4756_Click Count,Q4916_First Click,Q4916_Last Click,Q4916_Page Submit,Q4916_Click Count,e_59_a1.4_t0_q1_v1,Q4933_First Click,Q4933_Last Click,Q4933_Page Submit,Q4933_Click Count,Q4932_First Click,Q4932_Last Click,Q4932_Page Submit,Q4932_Click Count,Q4931_First Click,Q4931_Last Click,Q4931_Page Submit,Q4931_Click Count,e_59_a1.4_t1_q2_v1,Q4930_First Click,Q4930_Last Click,Q4930_Page Submit,Q4930_Click Count,Q4929_First Click,Q4929_Last Click,Q4929_Page Submit,Q4929_Click Count,Q4928_First Click,Q4928_Last Click,Q4928_Page Submit,Q4928_Click Count,e_59_a1.4_t2_q3_v1,Q4927_First Click,Q4927_Last Click,Q4927_Page Submit,Q4927_Click Count,Q4926_First Click,Q4926_Last Click,Q4926_Page Submit,Q4926_Click Count,Q4925_First Click,Q4925_Last Click,Q4925_Page Submit,Q4925_Click Count,e_59_a1.4_t3_q4_v1,Q4924_First Click,Q4924_Last Click,Q4924_Page Submit,Q4924_Click Count,Q4923_First Click,Q4923_Last Click,Q4923_Page Submit,Q4923_Click Count,Q4922_First Click,Q4922_Last Click,Q4922_Page Submit,Q4922_Click Count,e_59_a1.4_t5_q5_v1,Q4921_First Click,Q4921_Last Click,Q4921_Page Submit,Q4921_Click Count,Q4920_First Click,Q4920_Last Click,Q4920_Page Submit,Q4920_Click Count,Q4919_First Click,Q4919_Last Click,Q4919_Page Submit,Q4919_Click Count,e_59_a1.4_t7_q6_v1,Q4918_First Click,Q4918_Last Click,Q4918_Page Submit,Q4918_Click Count,Q4917_First Click,Q4917_Last Click,Q4917_Page Submit,Q4917_Click Count,Q4898_First Click,Q4898_Last Click,Q4898_Page Submit,Q4898_Click Count,e_59_a1.4_t0_q1_v2,Q4915_First Click,Q4915_Last Click,Q4915_Page Submit,Q4915_Click Count,Q4914_First Click,Q4914_Last Click,Q4914_Page Submit,Q4914_Click Count,Q4913_First Click,Q4913_Last Click,Q4913_Page Submit,Q4913_Click Count,e_59_a1.4_t1_q2_v2,Q4912_First Click,Q4912_Last Click,Q4912_Page Submit,Q4912_Click Count,Q4911_First Click,Q4911_Last Click,Q4911_Page Submit,Q4911_Click Count,Q4910_First Click,Q4910_Last Click,Q4910_Page Submit,Q4910_Click Count,e_59_a1.4_t2_q3_v2,Q4909_First Click,Q4909_Last Click,Q4909_Page Submit,Q4909_Click Count,Q4908_First Click,Q4908_Last Click,Q4908_Page Submit,Q4908_Click Count,Q4907_First Click,Q4907_Last Click,Q4907_Page Submit,Q4907_Click Count,e_59_a1.4_t3_q4_v2,Q4906_First Click,Q4906_Last Click,Q4906_Page Submit,Q4906_Click Count,Q4905_First Click,Q4905_Last Click,Q4905_Page Submit,Q4905_Click Count,Q4904_First Click,Q4904_Last Click,Q4904_Page Submit,Q4904_Click Count,e_59_a1.4_t5_q5_v2,Q4903_First Click,Q4903_Last Click,Q4903_Page Submit,Q4903_Click Count,Q4902_First Click,Q4902_Last Click,Q4902_Page Submit,Q4902_Click Count,Q4901_First Click,Q4901_Last Click,Q4901_Page Submit,Q4901_Click Count,e_59_a1.4_t7_q6_v2,Q4900_First Click,Q4900_Last Click,Q4900_Page Submit,Q4900_Click Count,Q4899_First Click,Q4899_Last Click,Q4899_Page Submit,Q4899_Click Count,Q4880_First Click,Q4880_Last Click,Q4880_Page Submit,Q4880_Click Count,e_59_a1.4_t0_q1_v3,Q4897_First Click,Q4897_Last Click,Q4897_Page Submit,Q4897_Click Count,Q4896_First Click,Q4896_Last Click,Q4896_Page Submit,Q4896_Click Count,Q4895_First Click,Q4895_Last Click,Q4895_Page Submit,Q4895_Click Count,e_59_a1.4_t1_q2_v3,Q4894_First Click,Q4894_Last Click,Q4894_Page Submit,Q4894_Click Count,Q4893_First Click,Q4893_Last Click,Q4893_Page Submit,Q4893_Click Count,Q4892_First Click,Q4892_Last Click,Q4892_Page Submit,Q4892_Click Count,e_59_a1.4_t2_q3_v3,Q4891_First Click,Q4891_Last Click,Q4891_Page Submit,Q4891_Click Count,Q4890_First Click,Q4890_Last Click,Q4890_Page Submit,Q4890_Click Count,Q4889_First Click,Q4889_Last Click,Q4889_Page Submit,Q4889_Click Count,e_59_a1.4_t3_q4_v3,Q4888_First Click,Q4888_Last Click,Q4888_Page Submit,Q4888_Click Count,Q4887_First Click,Q4887_Last Click,Q4887_Page Submit,Q4887_Click Count,Q4886_First Click,Q4886_Last Click,Q4886_Page Submit,Q4886_Click Count,e_59_a1.4_t5_q5_v3,Q4885_First Click,Q4885_Last Click,Q4885_Page Submit,Q4885_Click Count,Q4884_First Click,Q4884_Last Click,Q4884_Page Submit,Q4884_Click Count,Q4883_First Click,Q4883_Last Click,Q4883_Page Submit,Q4883_Click Count,e_59_a1.4_t7_q6_v3,Q4882_First Click,Q4882_Last Click,Q4882_Page Submit,Q4882_Click Count,Q4881_First Click,Q4881_Last Click,Q4881_Page Submit,Q4881_Click Count,Q4870_First Click,Q4870_Last Click,Q4870_Page Submit,Q4870_Click Count,i_88_a1.2_t16_q1_v1,Q4879_First Click,Q4879_Last Click,Q4879_Page Submit,Q4879_Click Count,Q4878_First Click,Q4878_Last Click,Q4878_Page Submit,Q4878_Click Count,Q4877_First Click,Q4877_Last Click,Q4877_Page Submit,Q4877_Click Count,i_88_a1.2_t30_q2_v1,Q4876_First Click,Q4876_Last Click,Q4876_Page Submit,Q4876_Click Count,Q4875_First Click,Q4875_Last Click,Q4875_Page Submit,Q4875_Click Count,Q4874_First Click,Q4874_Last Click,Q4874_Page Submit,Q4874_Click Count,i_88_a1.2_t42_q3_v1,Q4873_First Click,Q4873_Last Click,Q4873_Page Submit,Q4873_Click Count,Q4872_First Click,Q4872_Last Click,Q4872_Page Submit,Q4872_Click Count,Q4871_First Click,Q4871_Last Click,Q4871_Page Submit,Q4871_Click Count,i_88_a1.2_t51_q4_v1,Q4862_First Click,Q4862_Last Click,Q4862_Page Submit,Q4862_Click Count,Q4869_First Click,Q4869_Last Click,Q4869_Page Submit,Q4869_Click Count,Q4868_First Click,Q4868_Last Click,Q4868_Page Submit,Q4868_Click Count,i_88_a1.2_t59_q5_v1,Q4867_First Click,Q4867_Last Click,Q4867_Page Submit,Q4867_Click Count,Q4866_First Click,Q4866_Last Click,Q4866_Page Submit,Q4866_Click Count,Q4865_First Click,Q4865_Last Click,Q4865_Page Submit,Q4865_Click Count,i_88_a1.2_t66_q6_v1,Q4864_First Click,Q4864_Last Click,Q4864_Page Submit,Q4864_Click Count,Q4863_First Click,Q4863_Last Click,Q4863_Page Submit,Q4863_Click Count,Q4844_First Click,Q4844_Last Click,Q4844_Page Submit,Q4844_Click Count,i_88_a1.2_t16_q1_v2,Q4861_First Click,Q4861_Last Click,Q4861_Page Submit,Q4861_Click Count,Q4860_First Click,Q4860_Last Click,Q4860_Page Submit,Q4860_Click Count,Q4859_First Click,Q4859_Last Click,Q4859_Page Submit,Q4859_Click Count,i_88_a1.2_t30_q2_v2,Q4858_First Click,Q4858_Last Click,Q4858_Page Submit,Q4858_Click Count,Q4857_First Click,Q4857_Last Click,Q4857_Page Submit,Q4857_Click Count,Q4856_First Click,Q4856_Last Click,Q4856_Page Submit,Q4856_Click Count,i_88_a1.2_t42_q3_v2,Q4855_First Click,Q4855_Last Click,Q4855_Page Submit,Q4855_Click Count,Q4854_First Click,Q4854_Last Click,Q4854_Page Submit,Q4854_Click Count,Q4853_First Click,Q4853_Last Click,Q4853_Page Submit,Q4853_Click Count,i_88_a1.2_t51_q4_v2,Q4852_First Click,Q4852_Last Click,Q4852_Page Submit,Q4852_Click Count,Q4851_First Click,Q4851_Last Click,Q4851_Page Submit,Q4851_Click Count,Q4850_First Click,Q4850_Last Click,Q4850_Page Submit,Q4850_Click Count,i_88_a1.2_t59_q5_v2,Q4849_First Click,Q4849_Last Click,Q4849_Page Submit,Q4849_Click Count,Q4848_First Click,Q4848_Last Click,Q4848_Page Submit,Q4848_Click Count,Q4847_First Click,Q4847_Last Click,Q4847_Page Submit,Q4847_Click Count,i_88_a1.2_t66_q6_v2,Q4846_First Click,Q4846_Last Click,Q4846_Page Submit,Q4846_Click Count,Q4845_First Click,Q4845_Last Click,Q4845_Page Submit,Q4845_Click Count,Q4826_First Click,Q4826_Last Click,Q4826_Page Submit,Q4826_Click Count,i_88_a1.2_t16_q1_v3,Q4843_First Click,Q4843_Last Click,Q4843_Page Submit,Q4843_Click Count,Q4842_First Click,Q4842_Last Click,Q4842_Page Submit,Q4842_Click Count,Q4841_First Click,Q4841_Last Click,Q4841_Page Submit,Q4841_Click Count,i_88_a1.2_t30_q2_v3,Q4840_First Click,Q4840_Last Click,Q4840_Page Submit,Q4840_Click Count,Q4839_First Click,Q4839_Last Click,Q4839_Page Submit,Q4839_Click Count,Q4838_First Click,Q4838_Last Click,Q4838_Page Submit,Q4838_Click Count,i_88_a1.2_t42_q3_v3,Q4837_First Click,Q4837_Last Click,Q4837_Page Submit,Q4837_Click Count,Q4836_First Click,Q4836_Last Click,Q4836_Page Submit,Q4836_Click Count,Q4835_First Click,Q4835_Last Click,Q4835_Page Submit,Q4835_Click Count,i_88_a1.2_t51_q4_v3,Q4834_First Click,Q4834_Last Click,Q4834_Page Submit,Q4834_Click Count,Q4833_First Click,Q4833_Last Click,Q4833_Page Submit,Q4833_Click Count,Q4832_First Click,Q4832_Last Click,Q4832_Page Submit,Q4832_Click Count,i_88_a1.2_t59_q5_v3,Q4831_First Click,Q4831_Last Click,Q4831_Page Submit,Q4831_Click Count,Q4830_First Click,Q4830_Last Click,Q4830_Page Submit,Q4830_Click Count,Q4829_First Click,Q4829_Last Click,Q4829_Page Submit,Q4829_Click Count,i_88_a1.2_t66_q6_v3,Q4828_First Click,Q4828_Last Click,Q4828_Page Submit,Q4828_Click Count,Q4827_First Click,Q4827_Last Click,Q4827_Page Submit,Q4827_Click Count,Q4808_First Click,Q4808_Last Click,Q4808_Page Submit,Q4808_Click Count,i_84_a1.4_t25_q1_v1,Q4825_First Click,Q4825_Last Click,Q4825_Page Submit,Q4825_Click Count,Q4824_First Click,Q4824_Last Click,Q4824_Page Submit,Q4824_Click Count,Q4823_First Click,Q4823_Last Click,Q4823_Page Submit,Q4823_Click Count,i_84_a1.4_t42_q2_v1,Q4822_First Click,Q4822_Last Click,Q4822_Page Submit,Q4822_Click Count,Q4821_First Click,Q4821_Last Click,Q4821_Page Submit,Q4821_Click Count,Q4820_First Click,Q4820_Last Click,Q4820_Page Submit,Q4820_Click Count,i_84_a1.4_t55_q3_v1,Q4819_First Click,Q4819_Last Click,Q4819_Page Submit,Q4819_Click Count,Q4818_First Click,Q4818_Last Click,Q4818_Page Submit,Q4818_Click Count,Q4817_First Click,Q4817_Last Click,Q4817_Page Submit,Q4817_Click Count,i_84_a1.4_t64_q4_v1,Q4816_First Click,Q4816_Last Click,Q4816_Page Submit,Q4816_Click Count,Q4815_First Click,Q4815_Last Click,Q4815_Page Submit,Q4815_Click Count,Q4814_First Click,Q4814_Last Click,Q4814_Page Submit,Q4814_Click Count,i_84_a1.4_t70_q5_v1,Q4813_First Click,Q4813_Last Click,Q4813_Page Submit,Q4813_Click Count,Q4812_First Click,Q4812_Last Click,Q4812_Page Submit,Q4812_Click Count,Q4811_First Click,Q4811_Last Click,Q4811_Page Submit,Q4811_Click Count,i_84_a1.4_t75_q6_v1,Q4810_First Click,Q4810_Last Click,Q4810_Page Submit,Q4810_Click Count,Q4809_First Click,Q4809_Last Click,Q4809_Page Submit,Q4809_Click Count,Q4790_First Click,Q4790_Last Click,Q4790_Page Submit,Q4790_Click Count,i_84_a1.4_t25_q1_v2,Q4807_First Click,Q4807_Last Click,Q4807_Page Submit,Q4807_Click Count,Q4806_First Click,Q4806_Last Click,Q4806_Page Submit,Q4806_Click Count,Q4805_First Click,Q4805_Last Click,Q4805_Page Submit,Q4805_Click Count,i_84_a1.4_t42_q2_v2,Q4804_First Click,Q4804_Last Click,Q4804_Page Submit,Q4804_Click Count,Q4803_First Click,Q4803_Last Click,Q4803_Page Submit,Q4803_Click Count,Q4802_First Click,Q4802_Last Click,Q4802_Page Submit,Q4802_Click Count,i_84_a1.4_t55_q3_v2,Q4801_First Click,Q4801_Last Click,Q4801_Page Submit,Q4801_Click Count,Q4800_First Click,Q4800_Last Click,Q4800_Page Submit,Q4800_Click Count,Q4799_First Click,Q4799_Last Click,Q4799_Page Submit,Q4799_Click Count,i_84_a1.4_t64_q4_v2,Q4798_First Click,Q4798_Last Click,Q4798_Page Submit,Q4798_Click Count,Q4797_First Click,Q4797_Last Click,Q4797_Page Submit,Q4797_Click Count,Q4796_First Click,Q4796_Last Click,Q4796_Page Submit,Q4796_Click Count,i_84_a1.4_t70_q5_v2,Q4795_First Click,Q4795_Last Click,Q4795_Page Submit,Q4795_Click Count,Q4794_First Click,Q4794_Last Click,Q4794_Page Submit,Q4794_Click Count,Q4793_First Click,Q4793_Last Click,Q4793_Page Submit,Q4793_Click Count,i_84_a1.4_t75_q6_v2,Q4792_First Click,Q4792_Last Click,Q4792_Page Submit,Q4792_Click Count,Q4791_First Click,Q4791_Last Click,Q4791_Page Submit,Q4791_Click Count,Q4763_First Click,Q4763_Last Click,Q4763_Page Submit,Q4763_Click Count,i_84_a1.4_t25_q1_v3,Q4787_First Click,Q4787_Last Click,Q4787_Page Submit,Q4787_Click Count,Q4786_First Click,Q4786_Last Click,Q4786_Page Submit,Q4786_Click Count,Q4785_First Click,Q4785_Last Click,Q4785_Page Submit,Q4785_Click Count,i_84_a1.4_t42_q2_v3,Q4784_First Click,Q4784_Last Click,Q4784_Page Submit,Q4784_Click Count,Q4783_First Click,Q4783_Last Click,Q4783_Page Submit,Q4783_Click Count,Q4782_First Click,Q4782_Last Click,Q4782_Page Submit,Q4782_Click Count,i_84_a1.4_t55_q3_v3,Q4781_First Click,Q4781_Last Click,Q4781_Page Submit,Q4781_Click Count,Q4780_First Click,Q4780_Last Click,Q4780_Page Submit,Q4780_Click Count,Q4779_First Click,Q4779_Last Click,Q4779_Page Submit,Q4779_Click Count,i_84_a1.4_t64_q4_v3,Q4778_First Click,Q4778_Last Click,Q4778_Page Submit,Q4778_Click Count,Q4762_First Click,Q4762_Last Click,Q4762_Page Submit,Q4762_Click Count,Q4761_First Click,Q4761_Last Click,Q4761_Page Submit,Q4761_Click Count,i_84_a1.4_t70_q5_v3,Q4788_First Click,Q4788_Last Click,Q4788_Page Submit,Q4788_Click Count,Q4760_First Click,Q4760_Last Click,Q4760_Page Submit,Q4760_Click Count,Q4759_First Click,Q4759_Last Click,Q4759_Page Submit,Q4759_Click Count,i_84_a1.4_t75_q6_v3,Q4789_First Click,Q4789_Last Click,Q4789_Page Submit,Q4789_Click Count,Q4758_First Click,Q4758_Last Click,Q4758_Page Submit,Q4758_Click Count,Q4394,turn question,If yes,e_a1.3_day7_16,e_a1.3_day12_68,Comp1_Check_No,e_a1.3_day7_34,e_a1.3_day12_145,Comp2_Check_Yes,i_a1.3_day7_75,i_a1.3_day12_86,Comp3_Check_No,i_a1.3_day7_101,i_a1.3_day12_115,Comp4_Check_Yes,PROMIS_1,PROMIS_2,PROMIS_3,PROMIS_4,PROMIS_5,PROMIS_6,PROMIS_7,PROMIS_8,ABIS_1,ABIS_2,ABIS_3,ABIS_4,ABIS_5,ABIS_6,ABIS_7,ABIS_8,ABIS_9,ABIS_10,ABIS_11,ABIS_12,ABIS_13,7up7down_1,7up7down_2,7up7down_3,7up7down_4,7up7down_5,7up7down_6,7up7down_7,7up7down_8,7up7down_9,7up7down_10,7up7down_11,7up7down_12,7up7down_13,7up7down_14,7up7down_DO_1,7up7down_DO_2,7up7down_DO_3,7up7down_DO_4,7up7down_DO_5,7up7down_DO_6,7up7down_DO_7,7up7down_DO_8,7up7down_DO_9,7up7down_DO_10,7up7down_DO_11,7up7down_DO_12,7up7down_DO_13,7up7down_DO_14,Ecog_2,Ecog_3,Ecog_4,Ecog_5,Ecog_6,Ecog_7,Ecog_8,Ecog_9,Ecog_10,Ecog_11,Ecog_12,Ecog_13,Ecog_14,ethRT_1,ethRT_2,ethRT_3,ethRT_4,ethRT_5,ethRT_6,finRT_1,finRT_2,finRT_3,finRT_4,finRT_5,finRT_6,heaRT_1,heaRT_2,heaRT_3,heaRT_4,heaRT_5,heaRT_6,recRT_1,recRT_2,recRT_3,recRT_4,recRT_5,recRT_6,socRT_1,socRT_2,socRT_3,socRT_4,socRT_5,socRT_6,Loneliness_1,Loneliness_2,Loneliness_3,total income,personal income,Rent,Household members,Education,Years education,Ladder,Occupation_1,Occupation_2,Debrief,Permission,opp,Q_TotalDuration,Q_BallotBoxStuffing,Q_RelevantIDDuplicate,Q_RelevantIDDuplicateScore,Q_RecaptchaScore,Q_RelevantIDFraudScore,transaction_id,SVID,RISN,rid,cintid,ProjectToken,gid,sname,gc,term,Overall_Zip,zip,ortega_parameters_gamma_zipcodes (HIGH),Gamma_high,ortega_parameters_gamma_zipcodes (LOW),Gamma_low,ortega_parameters_alpha_zipcodes (LOW),Alpha_low,ortega_parameters_alpha_zipcodes (HIGH),Alpha_high,PS,LS,TolunaEnc,FL_5_DO_practice1,FL_5_DO_FL_136,FL_5_DO_FL_138,FL_5_DO_FL_140,FL_5_DO_FL_142,FL_5_DO_FL_144,FL_5_DO_FL_146,FL_5_DO_FL_148,FL_5_DO_FL_150,FL_5_DO_FL_152,FL_5_DO_FL_154,FL_5_DO_FL_156,FL_5_DO_FL_158,FL_5_DO_practice3,FL_5_DO_FL_160,FL_5_DO_FL_187,FL_5_DO_FL_190,FL_5_DO_FL_193,FL_5_DO_FL_196,FL_5_DO_FL_199,FL_5_DO_FL_202,FL_5_DO_FL_205,FL_5_DO_FL_208,FL_5_DO_FL_211,FL_5_DO_FL_214,FL_5_DO_FL_217,FL_39_DO_practice2,FL_39_DO_FL_221,FL_39_DO_FL_224,FL_39_DO_FL_227,FL_39_DO_FL_230,FL_39_DO_FL_233,FL_39_DO_FL_236,FL_39_DO_FL_239,FL_39_DO_FL_242,FL_39_DO_FL_245,FL_39_DO_FL_248,FL_39_DO_FL_251,FL_39_DO_FL_254,FL_39_DO_practice4,FL_39_DO_FL_257,FL_39_DO_FL_260,FL_39_DO_FL_263,FL_39_DO_FL_266,FL_39_DO_FL_269,FL_39_DO_FL_272,FL_39_DO_FL_275,FL_39_DO_FL_278,FL_39_DO_FL_281,FL_39_DO_FL_284,FL_39_DO_FL_287,FL_39_DO_FL_290,FL_7_DO_e_127_a1.2_v1,FL_7_DO_e_127_a1.2_v2,FL_7_DO_e_127_a1.2_v3,FL_7_DO_e_166_a1.4_v1,FL_7_DO_e_166_a1.4_v2,FL_7_DO_e_166_a1.4_v3,FL_7_DO_i_113_a1.2_v1,FL_7_DO_i_113_a1.2_v2,FL_7_DO_i_113_a1.2_v3,FL_7_DO_i_116_a1.4_v1,FL_7_DO_i_116_a1.4_v2,FL_7_DO_i_116_a1.4_v3,FL_7_DO_e_78_a1.2_v1,FL_7_DO_e_78_a1.2_v2,FL_7_DO_e_78_a1.2_v3,FL_7_DO_e_59_a1.4_v1,FL_7_DO_e_59_a1.4_v2,FL_7_DO_e_59_a1.4_v3,FL_7_DO_i_88_a1.2_v1,FL_7_DO_i_88_a1.2_v2,FL_7_DO_i_88_a1.2_v3,FL_7_DO_i_84_a1.4_v1,FL_7_DO_i_84_a1.4_v2,FL_7_DO_i_84_a1.4_v3,FL_37_DO_Comp1,FL_37_DO_Comp2,FL_37_DO_Comp3,FL_37_DO_Comp4,FL_10_DO_PROMIS[AnxietyMeasure],FL_10_DO_ImpulsivityABIS,FL_10_DO_7UP7DOWN,FL_10_DO_EverydayCognition,FL_10_DO_FL_977,FL_10_DO_DOSPERT,FL_10_DO_Loneliness,FL_10_DO_SES
3/21/2024 1:44:00 PM,3/21/2024 2:17:00 PM,IP Address,100,1972,1,3/21/2024 2:17:00 PM,NaN,NaN,NaN,NaN,anonymous,EN,Accept,I accept,4-year degree or higher,58,Female,Other,Not Hispanic or Latino,78258,More than 5 years ago,San Antonio ,Texas,Texas,More than 10 years,LEARN MORE (-$0.50),LEAVE,LEARN MORE  (-$0.50),LEARN MORE  (-$0.50),LEARN MORE  (-$0.50),LEARN MORE  (-$0.50),LEARN MORE  (-$0.50),LEAVE,To predict if your mine will make more or less total tokens than the sure-and-steady mine by the 12th turn.,100 tokens,"Half are better, half are worse.",6,No,No,NaN,NaN,NaN,NaN,NaN,NaN,NaN,NaN,NaN,NaN,NaN,NaN,NaN,NaN,0,0,9.063,0,1.604,1.604,2.168,1,2.904,4.437,5.7,2,STAY,NaN,NaN,NaN,NaN,19.077,19.077,20.097,1,NaN,NaN,NaN,NaN,NaN,NaN,NaN,NaN,NaN,NaN,NaN,NaN,NaN,NaN,NaN,NaN,NaN,NaN,NaN,NaN,NaN,NaN,NaN,NaN,NaN,NaN,NaN,NaN,NaN,NaN,NaN,NaN,NaN,NaN,NaN,NaN,NaN,NaN,NaN,NaN,NaN,NaN,NaN,NaN,NaN,NaN,NaN,NaN,NaN,NaN,NaN,NaN,NaN,NaN,NaN,NaN,NaN,NaN,NaN,NaN,NaN,NaN,NaN,NaN,NaN,NaN,NaN,NaN,NaN,NaN,NaN,NaN,NaN,NaN,NaN,NaN,NaN,NaN,NaN,NaN,NaN,NaN,NaN,NaN,NaN,NaN,NaN,NaN,NaN,NaN,NaN,NaN,NaN,NaN,NaN,NaN,NaN,NaN,NaN,NaN,NaN,NaN,NaN,NaN,NaN,NaN,NaN,NaN,NaN,NaN,NaN,NaN,NaN,NaN,NaN,NaN,NaN,NaN,NaN,NaN,NaN,NaN,NaN,NaN,NaN,NaN,NaN,NaN,NaN,NaN,NaN,NaN,NaN,NaN,NaN,NaN,NaN,NaN,NaN,NaN,NaN,NaN,NaN,NaN,NaN,NaN,NaN,NaN,NaN,NaN,NaN,NaN,NaN,NaN,NaN,NaN,NaN,NaN,NaN,NaN,NaN,NaN,NaN,NaN,NaN,NaN,NaN,NaN,NaN,NaN,NaN,NaN,NaN,NaN,NaN,NaN,NaN,NaN,NaN,NaN,NaN,NaN,NaN,NaN,NaN,NaN,NaN,NaN,NaN,NaN,NaN,NaN,NaN,NaN,NaN,NaN,NaN,NaN,NaN,NaN,NaN,NaN,NaN,NaN,NaN,NaN,NaN,NaN,NaN,NaN,NaN,NaN,NaN,NaN,NaN,NaN,NaN,NaN,NaN,NaN,NaN,NaN,NaN,NaN,NaN,NaN,NaN,NaN,NaN,NaN,NaN,NaN,NaN,NaN,NaN,NaN,NaN,0,0,4.214,0,18.637,18.637,23.092,1,0.868,2.102,2.7,2,LEARN MORE (-$0.50),NaN,NaN,NaN,NaN,NaN,NaN,NaN,NaN,1.639,8.045,9.585,2,STAY,NaN,NaN,NaN,NaN,2.562,2.562,4.016,1,NaN,NaN,NaN,NaN,NaN,NaN,NaN,NaN,NaN,NaN,NaN,NaN,NaN,NaN,NaN,NaN,NaN,NaN,NaN,NaN,NaN,NaN,NaN,NaN,NaN,NaN,NaN,NaN,NaN,NaN,NaN,NaN,NaN,NaN,NaN,NaN,NaN,NaN,NaN,NaN,NaN,NaN,NaN,NaN,NaN,NaN,NaN,NaN,0,0,1.101,0,2.955,3.69,4.131,2,LEAVE,2.007,2.007,3.456,1,NaN,NaN,NaN,NaN,NaN,NaN,NaN,NaN,NaN,NaN,NaN,NaN,NaN,NaN,NaN,NaN,NaN,NaN,NaN,NaN,NaN,NaN,NaN,NaN,NaN,NaN,NaN,NaN,NaN,NaN,NaN,NaN,NaN,NaN,NaN,NaN,NaN,NaN,NaN,NaN,NaN,NaN,NaN,NaN,NaN,NaN,NaN,NaN,NaN,NaN,NaN,NaN,NaN,NaN,NaN,NaN,NaN,NaN,NaN,NaN,NaN,NaN,NaN,NaN,NaN,NaN,NaN,NaN,NaN,1.316,4.136,4.591,2,LEARN MORE (-$0.50),NaN,NaN,NaN,NaN,NaN,NaN,NaN,NaN,1.956,2.399,2.82,2,LEAVE,1.688,1.688,2.136,1,NaN,NaN,NaN,NaN,NaN,NaN,NaN,NaN,NaN,NaN,NaN,NaN,NaN,NaN,NaN,NaN,NaN,NaN,NaN,NaN,NaN,NaN,NaN,NaN,NaN,NaN,NaN,NaN,NaN,NaN,NaN,NaN,NaN,NaN,NaN,NaN,NaN,NaN,NaN,NaN,NaN,NaN,NaN,NaN,NaN,NaN,NaN,NaN,NaN,NaN,NaN,NaN,NaN,NaN,NaN,NaN,1.74,20.463,21.1,2,LEARN MORE (-$0.50),NaN,NaN,NaN,NaN,NaN,NaN,NaN,NaN,1.955,2.405,2.802,2,LEAVE,5.246,5.246,5.765,1,NaN,NaN,NaN,NaN,NaN,NaN,NaN,NaN,NaN,NaN,NaN,NaN,NaN,NaN,NaN,NaN,NaN,NaN,NaN,NaN,NaN,NaN,NaN,NaN,NaN,NaN,NaN,NaN,NaN,NaN,NaN,NaN,NaN,NaN,NaN,NaN,NaN,NaN,NaN,NaN,NaN,NaN,NaN,NaN,NaN,NaN,NaN,NaN,NaN,NaN,NaN,NaN,NaN,NaN,NaN,NaN,1.268,4.329,4.749,2,LEARN MORE (-$0.50),NaN,NaN,NaN,NaN,NaN,NaN,NaN,NaN,0.917,3.72,4.066,2,LEAVE,3.882,3.882,4.3,1,NaN,NaN,NaN,NaN,NaN,NaN,NaN,NaN,NaN,NaN,NaN,NaN,NaN,NaN,NaN,NaN,NaN,NaN,NaN,NaN,NaN,NaN,NaN,NaN,NaN,NaN,NaN,NaN,NaN,NaN,NaN,NaN,NaN,NaN,NaN,NaN,NaN,NaN,NaN,NaN,NaN,NaN,NaN,NaN,NaN,NaN,NaN,NaN,NaN,NaN,NaN,NaN,NaN,NaN,NaN,NaN,1.433,2.209,2.755,2,LEARN MORE (-$0.50),NaN,NaN,NaN,NaN,NaN,NaN,NaN,NaN,1.12,1.528,2.113,2,LEARN MORE  (-$0.50),NaN,NaN,NaN,NaN,NaN,NaN,NaN,NaN,1.386,1.836,2.363,2,LEARN MORE  (-$0.50),NaN,NaN,NaN,NaN,NaN,NaN,NaN,NaN,1.38,4.24,4.767,3,LEAVE,5.365,5.365,5.9,1,NaN,NaN,NaN,NaN,NaN,NaN,NaN,NaN,NaN,NaN,NaN,NaN,NaN,NaN,NaN,NaN,NaN,NaN,NaN,NaN,NaN,NaN,NaN,NaN,NaN,NaN,NaN,NaN,NaN,NaN,1.721,3.398,5.585,2,LEARN MORE (-$0.50),NaN,NaN,NaN,NaN,NaN,NaN,NaN,NaN,1,2.251,2.59,2,LEAVE,1.315,1.315,1.785,1,NaN,NaN,NaN,NaN,NaN,NaN,NaN,NaN,NaN,NaN,NaN,NaN,NaN,NaN,NaN,NaN,NaN,NaN,NaN,NaN,NaN,NaN,NaN,NaN,NaN,NaN,NaN,NaN,NaN,NaN,NaN,NaN,NaN,NaN,NaN,NaN,NaN,NaN,NaN,NaN,NaN,NaN,NaN,NaN,NaN,NaN,NaN,NaN,NaN,NaN,NaN,NaN,NaN,NaN,NaN,NaN,0.895,31.422,32.649,2,LEARN MORE (-$0.50),NaN,NaN,NaN,NaN,NaN,NaN,NaN,NaN,1.468,8.966,9.288,2,STAY,NaN,NaN,NaN,NaN,1.47,1.47,1.959,1,NaN,NaN,NaN,NaN,NaN,NaN,NaN,NaN,NaN,NaN,NaN,NaN,NaN,NaN,NaN,NaN,NaN,NaN,NaN,NaN,NaN,NaN,NaN,NaN,NaN,NaN,NaN,NaN,NaN,NaN,NaN,NaN,NaN,NaN,NaN,NaN,NaN,NaN,NaN,NaN,NaN,NaN,NaN,NaN,NaN,NaN,NaN,NaN,NaN,NaN,NaN,NaN,33.797,34.407,35.051,2,LEARN MORE (-$0.50),NaN,NaN,NaN,NaN,NaN,NaN,NaN,NaN,1.311,19.677,20.141,2,STAY,NaN,NaN,NaN,NaN,6.074,6.074,6.695,1,NaN,NaN,NaN,NaN,NaN,NaN,NaN,NaN,NaN,NaN,NaN,NaN,NaN,NaN,NaN,NaN,NaN,NaN,NaN,NaN,NaN,NaN,NaN,NaN,NaN,NaN,NaN,NaN,NaN,NaN,NaN,NaN,NaN,NaN,NaN,NaN,NaN,NaN,NaN,NaN,NaN,NaN,NaN,NaN,NaN,NaN,NaN,NaN,NaN,NaN,NaN,NaN,0.748,3.475,4.021,2,LEARN MORE (-$0.50),NaN,NaN,NaN,NaN,NaN,NaN,NaN,NaN,0.844,4.387,4.75,2,STAY,NaN,NaN,NaN,NaN,2.037,2.037,2.54,1,NaN,NaN,NaN,NaN,NaN,NaN,NaN,NaN,NaN,NaN,NaN,NaN,NaN,NaN,NaN,NaN,NaN,NaN,NaN,NaN,NaN,NaN,NaN,NaN,NaN,NaN,NaN,NaN,NaN,NaN,NaN,NaN,NaN,NaN,NaN,NaN,NaN,NaN,NaN,NaN,NaN,NaN,NaN,NaN,NaN,NaN,NaN,NaN,NaN,NaN,NaN,NaN,1.222,4.778,5.201,3,STAY,NaN,NaN,NaN,NaN,1.593,1.593,2.16,1,NaN,NaN,NaN,NaN,NaN,NaN,NaN,NaN,NaN,NaN,NaN,NaN,NaN,NaN,NaN,NaN,NaN,NaN,NaN,NaN,NaN,NaN,NaN,NaN,NaN,NaN,NaN,NaN,NaN,NaN,NaN,NaN,NaN,NaN,NaN,NaN,NaN,NaN,NaN,NaN,NaN,NaN,NaN,NaN,NaN,NaN,NaN,NaN,NaN,NaN,NaN,NaN,NaN,NaN,NaN,NaN,NaN,NaN,NaN,NaN,NaN,NaN,NaN,NaN,NaN,2.757,10.338,10.935,2,STAY,NaN,NaN,NaN,NaN,2.087,2.087,2.501,1,NaN,NaN,NaN,NaN,NaN,NaN,NaN,NaN,NaN,NaN,NaN,NaN,NaN,NaN,NaN,NaN,NaN,NaN,NaN,NaN,NaN,NaN,NaN,NaN,NaN,NaN,NaN,NaN,NaN,NaN,NaN,NaN,NaN,NaN,NaN,NaN,NaN,NaN,NaN,NaN,NaN,NaN,NaN,NaN,NaN,NaN,NaN,NaN,NaN,NaN,NaN,NaN,NaN,NaN,NaN,NaN,NaN,NaN,NaN,NaN,NaN,NaN,NaN,NaN,NaN,0.798,6.896,7.318,2,LEARN MORE (-$0.50),NaN,NaN,NaN,NaN,NaN,NaN,NaN,NaN,0.813,1.686,2.151,2,STAY,NaN,NaN,NaN,NaN,0.994,0.994,2.012,1,NaN,NaN,NaN,NaN,NaN,NaN,NaN,NaN,NaN,NaN,NaN,NaN,NaN,NaN,NaN,NaN,NaN,NaN,NaN,NaN,NaN,NaN,NaN,NaN,NaN,NaN,NaN,NaN,NaN,NaN,NaN,NaN,NaN,NaN,NaN,NaN,NaN,NaN,NaN,NaN,NaN,NaN,NaN,NaN,NaN,NaN,NaN,NaN,NaN,NaN,NaN,NaN,108.035,115.502,116.141,4,LEARN MORE (-$0.50),NaN,NaN,NaN,NaN,NaN,NaN,NaN,NaN,1.565,2.355,3.044,2,LEAVE,1.389,1.389,2.422,1,NaN,NaN,NaN,NaN,NaN,NaN,NaN,NaN,NaN,NaN,NaN,NaN,NaN,NaN,NaN,NaN,NaN,NaN,NaN,NaN,NaN,NaN,NaN,NaN,NaN,NaN,NaN,NaN,NaN,NaN,NaN,NaN,NaN,NaN,NaN,NaN,NaN,NaN,NaN,NaN,NaN,NaN,NaN,NaN,NaN,NaN,NaN,NaN,NaN,NaN,NaN,NaN,NaN,NaN,NaN,NaN,1.054,1.705,2,2,LEARN MORE (-$0.50),NaN,NaN,NaN,NaN,NaN,NaN,NaN,NaN,0.889,2.373,3.237,2,LEARN MORE  (-$0.50),NaN,NaN,NaN,NaN,NaN,NaN,NaN,NaN,1.265,3.017,3.353,2,LEAVE,2.262,2.262,2.802,1,NaN,NaN,NaN,NaN,NaN,NaN,NaN,NaN,NaN,NaN,NaN,NaN,NaN,NaN,NaN,NaN,NaN,NaN,NaN,NaN,NaN,NaN,NaN,NaN,NaN,NaN,NaN,NaN,NaN,NaN,NaN,NaN,NaN,NaN,NaN,NaN,NaN,NaN,NaN,NaN,NaN,NaN,NaN,0.915,7.662,8.073,2,LEARN MORE (-$0.50),NaN,NaN,NaN,NaN,NaN,NaN,NaN,NaN,0.852,2.209,2.731,3,LEAVE,1.445,1.445,1.959,1,NaN,NaN,NaN,NaN,NaN,NaN,NaN,NaN,NaN,NaN,NaN,NaN,NaN,NaN,NaN,NaN,NaN,NaN,NaN,NaN,NaN,NaN,NaN,NaN,NaN,NaN,NaN,NaN,NaN,NaN,NaN,NaN,NaN,NaN,NaN,NaN,NaN,NaN,NaN,NaN,NaN,NaN,NaN,NaN,NaN,NaN,NaN,NaN,NaN,NaN,NaN,NaN,NaN,NaN,NaN,NaN,1.277,3.279,4.968,2,LEARN MORE (-$0.50),NaN,NaN,NaN,NaN,NaN,NaN,NaN,NaN,1.422,8.229,8.783,2,LEARN MORE  (-$0.50),NaN,NaN,NaN,NaN,NaN,NaN,NaN,NaN,0.949,2.559,3.064,2,LEAVE,1.084,1.084,1.58,1,NaN,NaN,NaN,NaN,NaN,NaN,NaN,NaN,NaN,NaN,NaN,NaN,NaN,NaN,NaN,NaN,NaN,NaN,NaN,NaN,NaN,NaN,NaN,NaN,NaN,NaN,NaN,NaN,NaN,NaN,NaN,NaN,NaN,NaN,NaN,NaN,NaN,NaN,NaN,NaN,NaN,NaN,NaN,1.035,1.386,1.841,2,LEARN MORE (-$0.50),NaN,NaN,NaN,NaN,NaN,NaN,NaN,NaN,0.774,4.203,4.666,2,LEARN MORE  (-$0.50),NaN,NaN,NaN,NaN,NaN,NaN,NaN,NaN,0.908,2.759,3.161,2,LEAVE,1.967,1.967,2.744,1,NaN,NaN,NaN,NaN,NaN,NaN,NaN,NaN,NaN,NaN,NaN,NaN,NaN,NaN,NaN,NaN,NaN,NaN,NaN,NaN,NaN,NaN,NaN,NaN,NaN,NaN,NaN,NaN,NaN,NaN,NaN,NaN,NaN,NaN,NaN,NaN,NaN,NaN,NaN,NaN,NaN,NaN,NaN,0.671,3.19,3.577,2,LEARN MORE (-$0.50),NaN,NaN,NaN,NaN,NaN,NaN,NaN,NaN,0.758,3.217,4.25,3,LEARN MORE  (-$0.50),NaN,NaN,NaN,NaN,NaN,NaN,NaN,NaN,1.064,2.473,2.838,2,LEAVE,2.092,2.092,15.578,1,NaN,NaN,NaN,NaN,NaN,NaN,NaN,NaN,NaN,NaN,NaN,NaN,NaN,NaN,NaN,NaN,NaN,NaN,NaN,NaN,NaN,NaN,NaN,NaN,NaN,NaN,NaN,NaN,NaN,NaN,NaN,NaN,NaN,NaN,NaN,NaN,NaN,NaN,NaN,NaN,NaN,NaN,NaN,0.858,5.177,6.387,2,LEARN MORE (-$0.50),NaN,NaN,NaN,NaN,NaN,NaN,NaN,NaN,1.197,4.132,4.597,2,STAY,NaN,NaN,NaN,NaN,1.307,1.307,1.762,1,NaN,NaN,NaN,NaN,NaN,NaN,NaN,NaN,NaN,NaN,NaN,NaN,NaN,NaN,NaN,NaN,NaN,NaN,NaN,NaN,NaN,NaN,NaN,NaN,NaN,NaN,NaN,NaN,NaN,NaN,NaN,NaN,NaN,NaN,NaN,NaN,NaN,NaN,NaN,NaN,NaN,NaN,NaN,NaN,NaN,NaN,NaN,NaN,NaN,NaN,NaN,NaN,2.479,2.888,4.351,2,LEARN MORE (-$0.50),NaN,NaN,NaN,NaN,NaN,NaN,NaN,NaN,1.145,3.555,3.968,2,LEARN MORE  (-$0.50),NaN,NaN,NaN,NaN,NaN,NaN,NaN,NaN,1.616,9.748,10.719,2,STAY,NaN,NaN,NaN,NaN,1.749,1.749,2.371,1,NaN,NaN,NaN,NaN,NaN,NaN,NaN,NaN,NaN,NaN,NaN,NaN,NaN,NaN,NaN,NaN,NaN,NaN,NaN,NaN,NaN,NaN,NaN,NaN,NaN,NaN,NaN,NaN,NaN,NaN,NaN,NaN,NaN,NaN,NaN,NaN,NaN,NaN,NaN,1.284,1.827,2.315,2,LEARN MORE (-$0.50),NaN,NaN,NaN,NaN,NaN,NaN,NaN,NaN,1.978,4.754,6.103,2,STAY,NaN,NaN,NaN,NaN,1.773,1.773,2.295,1,NaN,NaN,NaN,NaN,NaN,NaN,NaN,NaN,NaN,NaN,NaN,NaN,NaN,NaN,NaN,NaN,NaN,NaN,NaN,NaN,NaN,NaN,NaN,NaN,NaN,NaN,NaN,NaN,NaN,NaN,NaN,NaN,NaN,NaN,NaN,NaN,NaN,NaN,NaN,NaN,NaN,NaN,NaN,NaN,NaN,NaN,NaN,NaN,NaN,NaN,NaN,NaN,1.009,2.418,3.3,2,STAY,NaN,NaN,NaN,NaN,2.031,2.031,2.516,1,NaN,NaN,NaN,NaN,NaN,NaN,NaN,NaN,NaN,NaN,NaN,NaN,NaN,NaN,NaN,NaN,NaN,NaN,NaN,NaN,NaN,NaN,NaN,NaN,NaN,NaN,NaN,NaN,NaN,NaN,NaN,NaN,NaN,NaN,NaN,NaN,NaN,NaN,NaN,NaN,NaN,NaN,NaN,NaN,NaN,NaN,NaN,NaN,NaN,NaN,NaN,NaN,NaN,NaN,NaN,NaN,NaN,NaN,NaN,NaN,NaN,NaN,NaN,NaN,NaN,0.652,5.247,5.594,2,STAY,NaN,NaN,NaN,NaN,1.224,1.224,2.212,1,NaN,NaN,NaN,NaN,NaN,NaN,NaN,NaN,NaN,NaN,NaN,NaN,NaN,NaN,NaN,NaN,NaN,NaN,NaN,NaN,NaN,NaN,NaN,NaN,NaN,NaN,NaN,NaN,NaN,NaN,NaN,NaN,NaN,NaN,NaN,NaN,NaN,NaN,NaN,NaN,NaN,NaN,NaN,NaN,NaN,NaN,NaN,NaN,NaN,NaN,NaN,NaN,NaN,NaN,NaN,NaN,NaN,NaN,NaN,NaN,NaN,NaN,NaN,NaN,NaN,0.717,5.312,5.653,2,STAY,NaN,NaN,NaN,NaN,1.234,1.234,1.8,1,NaN,NaN,NaN,NaN,NaN,NaN,NaN,NaN,NaN,NaN,NaN,NaN,NaN,NaN,NaN,NaN,NaN,NaN,NaN,NaN,NaN,NaN,NaN,NaN,NaN,NaN,NaN,NaN,NaN,NaN,NaN,NaN,NaN,NaN,NaN,NaN,NaN,NaN,NaN,NaN,NaN,NaN,NaN,NaN,NaN,NaN,NaN,NaN,NaN,NaN,NaN,NaN,NaN,NaN,NaN,NaN,NaN,NaN,NaN,NaN,NaN,NaN,NaN,NaN,NaN,7,No,NaN,24,24,No,18,30,No,192,300,Yes,88,91,Yes,Never,Never,Never,Never,Never,Never,Never,Never,Almost Always/Always,Almost Always/Always,Rarely/Never,Often,Often,Rarely/Never,Often,Often,Rarely/Never,Rarely/Never,Often,Often,Often,Never or hardly ever,Never or hardly ever,Never or hardly ever,Never or hardly ever,Never or hardly ever,Never or hardly ever,Never or hardly ever,Never or hardly ever,Sometimes,Never or hardly ever,Never or hardly ever,Never or hardly ever,Never or hardly ever,Never or hardly ever,2,10,14,5,12,9,4,13,3,11,6,1,7,8,A little worse sometimes,Better or no change,Better or no change,Better or no change,Better or no change,Better or no change,Better or no change,Better or no change,Better or no change,A little worse all the time,Better or no change,Better or no change,Better or no change,Extremely Unlikely,Extremely Unlikely,Extremely Unlikely,Extremely Unlikely,Extremely Unlikely,Extremely Unlikely,Extremely Unlikely,Moderately Likely,Extremely Unlikely,Somewhat Likely,Extremely Unlikely,Extremely Unlikely,Extremely Unlikely,Extremely Unlikely,Extremely Unlikely,Extremely Unlikely,Moderately Unlikely,Extremely Unlikely,Extremely Unlikely,Extremely Unlikely,Extremely Unlikely,Extremely Unlikely,Extremely Unlikely,Extremely Unlikely,Extremely Unlikely,Extremely Unlikely,Extremely Unlikely,Moderately Likely,Extremely Unlikely,Extremely Unlikely,Hardly Ever,Hardly Ever,Hardly Ever,"$151,000-$200,000","$151,000-$200,000",Own (or pay mortgage),3,Bachelor degree,18,8,Healthcare,Acute Care Nurse,Accept,Yes,Qual522741-0927DavidProject,1972,NaN,NaN,NaN,NaN,NaN,0Vqd3jf9JAI09fRwvb7658,24028919,NaN,NaN,NaN,NaN,NaN,NaN,1,NaN,30140 30176 25047 25076 25121 25183 25505 25547 25601 25606 25607 25612 25614 25617 25624 25625 25630 25632 25634 25635 25638 25644 25649 25652 25653 25654 79220 79229 79243 79370 7011 7012 7013 7014 7055 7403 7420 7442 7456 7465 7470 7480 7501 7502 7503 7504 7505 7506 7508 7510 7512 7513 7514 7522 7524 79837 79839 79851 39630 42720 42742 42753 81123 81126 81133 81138 81152 29512 29516 29570 29594 29596 24239 24603 24614 24620 24624 24627 24628 24631 24634 24646 24656 24657 24658 74534 74535 74538 74556 74572 71826 71827 41307 41310 41317 41348 41366 41385 41390 78520 78521 78526 78535 78550 78552 78559 78566 78567 78568 78575 78578 78583 78586 78592 78593 78597 42603 42633 39116 39153 40313 40317 40319 25267 26137 26342 26351 26384 26430 26443 26636 26638 75564 39361 39739 72310 72313 72315 72321 72329 72330 72338 72350 72351 72358 72370 72391 72395 72426 72428 72442 32052 32053 81030 81067 81077 31041 31057 31068 83441 83460 38929 38960 39067 39160 55324 55325 56228 56243 47021 47023 47033 47034 47037 47039 47042 55001 55003 55016 55042 55043 55047 55055 55071 55082 55090 55115 55129 55187 55188 82001 82005 82007 82009 82050 82053 82054 82059 82060 82061 82081 82082 80420 80432 80440 80448 80456 80475 80820 54814 54816 54821 54827 54832 54839 54844 54847 54856 54865 54891 83611 83615 83635 83677 52619 52624 52627 52631 52632 52639 52648 52657 56003 56021 56074 37066 37075 37119 54404 54410 54413 54415 54441 54469 54472 54489 54495 60001 60012 60014 60034 60071 60072 60097 60098 60156 60180 50041 50227 50427 50431 50441 50452 50633 44276 44606 44636 44659 44667 44677 44691 66842 67002 67010 67012 67041 67042 67074 67123 67132 67144 16217 16239 16322 16370 18405 18415 18417 18427 18431 18437 18438 18439 18443 18449 18453 18454 18455 18456 18459 18460 18461 18462 18463 18469 18473 17501 17502 17503 17504 17505 17506 17507 17508 17509 17512 17516 17517 17518 17519 17520 17521 17522 17528 17529 17532 17533 17534 17535 17536 17537 17538 17540 17543 17547 17550 17551 17552 17554 17557 17560 17562 17563 17564 17565 17566 17567 17568 17570 17572 17575 17576 17578 17579 17580 17581 17582 17584 17585 17601 17602 17603 17604 19501 78622 78644 78661 97711 97730 97734 97741 97761 68314 68330 68364 68405 68434 68439 68456 56030 56084 56085 63655 73734 73742 73750 73756 73764 68057 68063 68072 68621 68649 68664 24072 24105 61037 61230 61251 61261 61270 46711 46769 46772 46780 46782 78330 78339 78343 78347 78351 78373 78401 78402 78404 78405 78406 78407 78408 78409 78410 78411 78412 78413 78414 78415 78416 78417 78418 78419 78469 78002 78054 78109 78148 78150 78201 78202 78203 78204 78205 78206 78207 78208 78209 78210 78211 78212 78213 78214 78215 78216 78217 78218 78219 78220 78221 78222 78223 78224 78225 78226 78227 78228 78229 78230 78231 78232 78233 78234 78235 78236 78237 78238 78239 78240 78242 78243 78244 78245 78246 78247 78248 78249 78250 78251 78252 78255 78256 78257 78258 78259 78260 78261 78263 78284 78285 78288 29911 29918 29921 29922 29923 29924 29932 29933 29939 29944 97010 97024 97030 97060 97201 97203 97204 97205 97208 97209 97211 97212 97213 97214 97215 97216 97217 97218 97220 97227 97230 97232 97233 97236 97238 97239 97258 97266 75503 75559 75561 75567 75569 75570 75573 75574 75599 1029 1201 1220 1222 1223 1224 1225 1226 1229 1230 1236 1237 1238 1240 1242 1244 1245 1247 1252 1253 1254 1255 1256 1257 1258 1259 1260 1262 1263 1264 1266 1267 1270 1343 91901 91902 91905 91906 91910 91911 91913 91914 91915 91916 91917 91932 91934 91935 91941 91942 91945 91948 91950 91962 91963 91977 91978 91980 92003 92004 92007 92008 92009 92010 92011 92014 92019 92020 92021 92024 92025 92026 92027 92029 92036 92037 92040 92054 92055 92056 92057 92058 92059 92060 92061 92064 92065 92066 92067 92069 92070 92071 92075 92078 92081 92082 92083 92084 92086 92091 92092 92093 92101 92102 92103 92104 92105 92106 92107 92108 92109 92110 92111 92113 92114 92115 92116 92117 92118 92119 92120 92121 92122 92123 92124 92126 92127 92128 92129 92130 92131 92132 92134 92135 92136 92139 92140 92145 92147 92152 92154 92155 92158 92161 92173 92179 92182 92197 92199 77613 77619 77622 77627 77629 77640 77642 77651 77655 77701 77702 77703 77705 77706 77707 77708 77713 31901 31903 31904 31906 31907 31909 31998 31999 61451 61517 61525 61528 61536 61539 61547 61552 61562 61569 61601 61602 61603 61604 61605 61606 61607 61613 61614 61615 61616 61625 61629 61630 61633 61634 61636 61637 61638 61639 61641 61643 76429 95003 95005 95006 95007 95010 95017 95018 95019 95041 95060 95062 95064 95065 95066 95073 27010 27023 27040 27051 27094 27099 27101 27103 27104 27105 27106 27108 27109 27110 27111 27150 27152 27155 27157 27199 85003 85004 85006 85007 85008 85009 85012 85013 85014 85015 85016 85017 85018 85019 85020 85021 85022 85023 85024 85025 85026 85027 85028 85029 85031 85032 85033 85034 85035 85037 85040 85041 85042 85043 85044 85045 85048 85050 85051 85053 85054 85083 85085 85086 85087 85096 85097 85098 85201 85202 85203 85204 85205 85206 85207 85208 85209 85210 85212 85213 85215 85224 85225 85226 85233 85234 85236 85249 85250 85251 85253 85254 85255 85256 85257 85258 85259 85260 85262 85263 85264 85266 85268 85281 85282 85283 85284 85286 85287 85295 85296 85297 85298 85301 85302 85303 85304 85305 85306 85307 85308 85309 85310 85320 85322 85323 85326 85329 85331 85335 85337 85338 85339 85340 85342 85343 85345 85351 85353 85354 85355 85361 85363 85373 85374 85375 85377 85379 85381 85382 85383 85387 85388 85392 85395 85396 79749 79783 76841 76848 49084 49085 49101 49103 49106 49107 49113 49115 49116 49117 49119 49125 49126 49127 49128 49129 72901 72903 72904 72905 72908 72916 72919 72923 72936 72937 72938 72940 72945 93401 93402 93405 93407 93408 93409 93410 93420 93422 93424 93428 93430 93432 93433 93435 93442 93444 93445 93446 93449 93452 93453 93465 40339 77412 77434 77442 77460 77470 77475 78934 78935 78943 78951 6401 6403 6405 6408 6410 6411 6418 6437 6443 6450 6460 6461 6471 6472 6473 6477 6478 6483 6487 6488 6492 6493 6494 6495 6504 6510 6511 6512 6513 6514 6515 6516 6517 6518 6519 6524 6525 6537 6538 6540 6701 6702 6703 6704 6705 6706 6708 6710 6712 6716 6749 6762 6770 31532 73832 73840 73843 73858 39305 39309 39320 39326 39335 39342 39364 95527 95552 95595 96010 96024 96041 96046 96048 96052 96091 96093 46057 46058 46067 76526 76538 76558 76566 76596 76597 76598 76599 45070 45311 45320 45321 45330 45378 58033 58054 26801 26810 26812 26818 26845 26851 30132 56715 56748 31547 31548 31558 31565 31568 31569 66851 66858 66861 67053 67063 67073 67438 67483 68309 68318 68328 68331 68357 68381 68415 68422 68458 68466 83601 83623 83627 83633 83647 83648 43116 43117 43156 36020 36024 36025 36092 36093 54216 31309 31314 31315 31320 31323 31333 47104 47111 47129 47130 47141 47143 47162 47163 47190 46111 46125 46166 50028 50127 50135 50137 50208 21901 21902 21903 21904 21911 21912 21913 21914 21915 21916 21917 21918 21919 21920 21921 21922 21930 72007 72037 72083 65042 65050 65055 63342 63378 47107 47110 47112 47114 47115 47135 47142 47160 47161 47166 5441 5447 5448 5450 5454 5455 5457 5459 5460 5470 5478 5479 5481 5483 5485 5488 50033 50218 27527 27555 27568 27576 27577 27593 47022 47025 54610 54622 54629 54743 54756 81648,78258,78330 78339 78343 78347 78351 78373 78401 78402 78404 78405 78406 78407 78408 78409 78410 78411 78412 78413 78414 78415 78416 78417 78418 78419 78469 78002 78054 78109 78148 78150 78201 78202 78203 78204 78205 78206 78207 78208 78209 78210 78211 78212 78213 78214 78215 78216 78217 78218 78219 78220 78221 78222 78223 78224 78225 78226 78227 78228 78229 78230 78231 78232 78233 78234 78235 78236 78237 78238 78239 78240 78242 78243 78244 78245 78246 78247 78248 78249 78250 78251 78252 78255 78256 78257 78258 78259 78260 78261 78263 78284 78285 78288 29911 29918 29921 29922 29923 29924 29932 29933 29939 29944 97010 97024 97030 97060 97201 97203 97204 97205 97208 97209 97211 97212 97213 97214 97215 97216 97217 97218 97220 97227 97230 97232 97233 97236 97238 97239 97258 97266 75503 75559 75561 75567 75569 75570 75573 75574 75599 1029 1201 1220 1222 1223 1224 1225 1226 1229 1230 1236 1237 1238 1240 1242 1244 1245 1247 1252 1253 1254 1255 1256 1257 1258 1259 1260 1262 1263 1264 1266 1267 1270 1343 91901 91902 91905 91906 91910 91911 91913 91914 91915 91916 91917 91932 91934 91935 91941 91942 91945 91948 91950 91962 91963 91977 91978 91980 92003 92004 92007 92008 92009 92010 92011 92014 92019 92020 92021 92024 92025 92026 92027 92029 92036 92037 92040 92054 92055 92056 92057 92058 92059 92060 92061 92064 92065 92066 92067 92069 92070 92071 92075 92078 92081 92082 92083 92084 92086 92091 92092 92093 92101 92102 92103 92104 92105 92106 92107 92108 92109 92110 92111 92113 92114 92115 92116 92117 92118 92119 92120 92121 92122 92123 92124 92126 92127 92128 92129 92130 92131 92132 92134 92135 92136 92139 92140 92145 92147 92152 92154 92155 92158 92161 92173 92179 92182 92197 92199 77613 77619 77622 77627 77629 77640 77642 77651 77655 77701 77702 77703 77705 77706 77707 77708 77713 31901 31903 31904 31906 31907 31909 31998 31999 61451 61517 61525 61528 61536 61539 61547 61552 61562 61569 61601 61602 61603 61604 61605 61606 61607 61613 61614 61615 61616 61625 61629 61630 61633 61634 61636 61637 61638 61639 61641 61643 76429 95003 95005 95006 95007 95010 95017 95018 95019 95041 95060 95062 95064 95065 95066 95073 27010 27023 27040 27051 27094 27099 27101 27103 27104 27105 27106 27108 27109 27110 27111 27150 27152 27155 27157 27199 85003 85004 85006 85007 85008 85009 85012 85013 85014 85015 85016 85017 85018 85019 85020 85021 85022 85023 85024 85025 85026 85027 85028 85029 85031 85032 85033 85034 85035 85037 85040 85041 85042 85043 85044 85045 85048 85050 85051 85053 85054 85083 85085 85086 85087 85096 85097 85098 85201 85202 85203 85204 85205 85206 85207 85208 85209 85210 85212 85213 85215 85224 85225 85226 85233 85234 85236 85249 85250 85251 85253 85254 85255 85256 85257 85258 85259 85260 85262 85263 85264 85266 85268 85281 85282 85283 85284 85286 85287 85295 85296 85297 85298 85301 85302 85303 85304 85305 85306 85307 85308 85309 85310 85320 85322 85323 85326 85329 85331 85335 85337 85338 85339 85340 85342 85343 85345 85351 85353 85354 85355 85361 85363 85373 85374 85375 85377 85379 85381 85382 85383 85387 85388 85392 85395 85396 79749 79783 76841 76848 49084 49085 49101 49103 49106 49107 49113 49115 49116 49117 49119 49125 49126 49127 49128 49129 72901 72903 72904 72905 72908 72916 72919 72923 72936 72937 72938 72940 72945 93401 93402 93405 93407 93408 93409 93410 93420 93422 93424 93428 93430 93432 93433 93435 93442 93444 93445 93446 93449 93452 93453 93465 40339 77412 77434 77442 77460 77470 77475 78934 78935 78943 78951 6401 6403 6405 6408 6410 6411 6418 6437 6443 6450 6460 6461 6471 6472 6473 6477 6478 6483 6487 6488 6492 6493 6494 6495 6504 6510 6511 6512 6513 6514 6515 6516 6517 6518 6519 6524 6525 6537 6538 6540 6701 6702 6703 6704 6705 6706 6708 6710 6712 6716 6749 6762 6770 31532 73832 73840 73843 73858 39305 39309 39320 39326 39335 39342 39364 95527 95552 95595 96010 96024 96041 96046 96048 96052 96091 96093,gammaH,46057 46058 46067 76526 76538 76558 76566 76596 76597 76598 76599 45070 45311 45320 45321 45330 45378 58033 58054 26801 26810 26812 26818 26845 26851 30132 56715 56748 31547 31548 31558 31565 31568 31569 66851 66858 66861 67053 67063 67073 67438 67483 68309 68318 68328 68331 68357 68381 68415 68422 68458 68466 83601 83623 83627 83633 83647 83648 43116 43117 43156 36020 36024 36025 36092 36093 54216 31309 31314 31315 31320 31323 31333 47104 47111 47129 47130 47141 47143 47162 47163 47190 46111 46125 46166 50028 50127 50135 50137 50208 21901 21902 21903 21904 21911 21912 21913 21914 21915 21916 21917 21918 21919 21920 21921 21922 21930 72007 72037 72083 65042 65050 65055 63342 63378 47107 47110 47112 47114 47115 47135 47142 47160 47161 47166 5441 5447 5448 5450 5454 5455 5457 5459 5460 5470 5478 5479 5481 5483 5485 5488 50033 50218 27527 27555 27568 27576 27577 27593 47022 47025 54610 54622 54629 54743 54756 81648,NaN,55324 55325 56228 56243 47021 47023 47033 47034 47037 47039 47042 55001 55003 55016 55042 55043 55047 55055 55071 55082 55090 55115 55129 55187 55188 82001 82005 82007 82009 82050 82053 82054 82059 82060 82061 82081 82082 80420 80432 80440 80448 80456 80475 80820 54814 54816 54821 54827 54832 54839 54844 54847 54856 54865 54891 83611 83615 83635 83677 52619 52624 52627 52631 52632 52639 52648 52657 56003 56021 56074 37066 37075 37119 54404 54410 54413 54415 54441 54469 54472 54489 54495 60001 60012 60014 60034 60071 60072 60097 60098 60156 60180 50041 50227 50427 50431 50441 50452 50633 44276 44606 44636 44659 44667 44677 44691 66842 67002 67010 67012 67041 67042 67074 67123 67132 67144 16217 16239 16322 16370 18405 18415 18417 18427 18431 18437 18438 18439 18443 18449 18453 18454 18455 18456 18459 18460 18461 18462 18463 18469 18473 17501 17502 17503 17504 17505 17506 17507 17508 17509 17512 17516 17517 17518 17519 17520 17521 17522 17528 17529 17532 17533 17534 17535 17536 17537 17538 17540 17543 17547 17550 17551 17552 17554 17557 17560 17562 17563 17564 17565 17566 17567 17568 17570 17572 17575 17576 17578 17579 17580 17581 17582 17584 17585 17601 17602 17603 17604 19501 78622 78644 78661 97711 97730 97734 97741 97761 68314 68330 68364 68405 68434 68439 68456 56030 56084 56085 63655 73734 73742 73750 73756 73764 68057 68063 68072 68621 68649 68664 24072 24105 61037 61230 61251 61261 61270 46711 46769 46772 46780 46782,NaN,30140 30176 25047 25076 25121 25183 25505 25547 25601 25606 25607 25612 25614 25617 25624 25625 25630 25632 25634 25635 25638 25644 25649 25652 25653 25654 79220 79229 79243 79370 7011 7012 7013 7014 7055 7403 7420 7442 7456 7465 7470 7480 7501 7502 7503 7504 7505 7506 7508 7510 7512 7513 7514 7522 7524 79837 79839 79851 39630 42720 42742 42753 81123 81126 81133 81138 81152 29512 29516 29570 29594 29596 24239 24603 24614 24620 24624 24627 24628 24631 24634 24646 24656 24657 24658 74534 74535 74538 74556 74572 71826 71827 41307 41310 41317 41348 41366 41385 41390 78520 78521 78526 78535 78550 78552 78559 78566 78567 78568 78575 78578 78583 78586 78592 78593 78597 42603 42633 39116 39153 40313 40317 40319 25267 26137 26342 26351 26384 26430 26443 26636 26638 75564 39361 39739 72310 72313 72315 72321 72329 72330 72338 72350 72351 72358 72370 72391 72395 72426 72428 72442 32052 32053 81030 81067 81077 31041 31057 31068 83441 83460 38929 38960 39067 39160,NaN,1284,{Invalid Expression},NaN,1,NaN,NaN,NaN,NaN,NaN,NaN,NaN,NaN,NaN,NaN,NaN,NaN,NaN,NaN,NaN,NaN,NaN,NaN,NaN,NaN,NaN,NaN,NaN,NaN,NaN,NaN,NaN,NaN,NaN,NaN,NaN,NaN,NaN,NaN,NaN,NaN,NaN,NaN,1,NaN,NaN,NaN,NaN,NaN,NaN,NaN,NaN,NaN,NaN,NaN,NaN,2,8,7,15,22,12,14,5,11,23,1,16,21,20,13,17,4,19,9,6,3,24,10,18,3,1,4,2,4,6,3,1,5,2,7,8
